0	0.0010042303865391935
1	0.00041487841248368315
2	0.00014668166941756098
3	0.0005623274471620916
4	0.00024668817999331486
5	0.0006977395396473621
6	0.00024668817999331486
7	0.000334361900563238
8	0.0008859727368614708
9	0.00024668817999331486
10	0.000334361900563238
11	0.000334361900563238
12	0.000334361900563238
13	0.0008248516436140394
14	0.0013348763687538567
15	0.0004904597217037522
16	0.00014668166941756098
17	0.00014668166941756098
18	0.000334361900563238
19	0.00041487841248368315
20	0.00024668817999331486
21	0.00024668817999331486
22	0.00014668166941756098
23	0.00014668166941756098
24	0.00014668166941756098
25	0.00024668817999331486
26	0.00024668817999331486
27	0.000334361900563238
28	0.00041487841248368315
29	0.0005623274471620916
30	0.000334361900563238
31	0.000334361900563238
32	0.00041487841248368315
33	0.0007621803119107128
34	0.0006312470682912119
35	0.0006312470682912119
36	0.00024668817999331486
37	0.0004904597217037522
38	0.00041487841248368315
39	0.0011734533553404878
40	0.0005623274471620916
41	0.0004904597217037522
42	0.000334361900563238
43	0.000334361900563238
44	0.00024668817999331486
45	0.000334361900563238
46	0.000334361900563238
47	0.00014668166941756098
48	0.00024668817999331486
49	0.00014668166941756098
50	0.0006312470682912119
51	0.00024668817999331486
52	0.0004904597217037522
53	0.000334361900563238
54	0.00014668166941756098
55	0.000334361900563238
56	0.000334361900563238
57	0.00024668817999331486
58	0.0006312470682912119
59	0.0005623274471620916
60	0.00014668166941756098
61	0.0005623274471620916
62	0.00014668166941756098
63	0.00041487841248368315
64	0.00014668166941756098
65	0.00014668166941756098
66	0.0006312470682912119
67	0.00041487841248368315
68	0.0006312470682912119
69	0.00014668166941756098
70	0.00014668166941756098
71	0.0006312470682912119
72	0.0005623274471620916
73	0.0006312470682912119
74	0.0006312470682912119
75	0.00024668817999331486
76	0.000334361900563238
77	0.00014668166941756098
78	0.000334361900563238
79	0.00041487841248368315
80	0.0005623274471620916
81	0.0005623274471620916
82	0.00014668166941756098
83	0.00014668166941756098
84	0.00014668166941756098
85	0.000334361900563238
86	0.00014668166941756098
87	0.00014668166941756098
88	0.00014668166941756098
89	0.00024668817999331486
90	0.00024668817999331486
91	0.00014668166941756098
92	0.00014668166941756098
93	0.00014668166941756098
94	0.00014668166941756098
95	0.00024668817999331486
96	0.0010042303865391935
97	0.000334361900563238
98	0.000334361900563238
99	0.0005623274471620916
100	0.00024668817999331486
101	0.00041487841248368315
102	0.00014668166941756098
103	0.00014668166941756098
104	0.00024668817999331486
105	0.000334361900563238
106	0.0004904597217037522
107	0.00041487841248368315
108	0.00041487841248368315
109	0.000334361900563238
110	0.00024668817999331486
111	0.00014668166941756098
112	0.00014668166941756098
113	0.0005623274471620916
114	0.00041487841248368315
115	0.0008248516436140394
116	0.000334361900563238
117	0.00024668817999331486
118	0.00024668817999331486
119	0.00041487841248368315
120	0.00024668817999331486
121	0.0005623274471620916
122	0.00024668817999331486
123	0.00041487841248368315
124	0.0006977395396473621
125	0.0004904597217037522
126	0.000334361900563238
127	0.00014668166941756098
128	0.00014668166941756098
129	0.00014668166941756098
130	0.00024668817999331486
131	0.00014668166941756098
132	0.00014668166941756098
133	0.0004904597217037522
134	0.00041487841248368315
135	0.00024668817999331486
136	0.0005623274471620916
137	0.000334361900563238
138	0.00014668166941756098
139	0.00024668817999331486
140	0.0004904597217037522
141	0.00041487841248368315
142	0.00014668166941756098
143	0.00014668166941756098
144	0.000334361900563238
145	0.00024668817999331486
146	0.00014668166941756098
147	0.0006312470682912119
148	0.0006312470682912119
149	0.0006312470682912119
150	0.0005623274471620916
151	0.000334361900563238
152	0.0005623274471620916
153	0.000334361900563238
154	0.00041487841248368315
155	0.00014668166941756098
156	0.00041487841248368315
157	0.00041487841248368315
158	0.000334361900563238
159	0.0005623274471620916
160	0.00014668166941756098
161	0.00041487841248368315
162	0.00024668817999331486
163	0.0004904597217037522
164	0.0006977395396473621
165	0.0008859727368614708
166	0.0009457182690347508
167	0.0004904597217037522
168	0.00014668166941756098
169	0.00014668166941756098
170	0.0004904597217037522
171	0.00041487841248368315
172	0.00041487841248368315
173	0.0005623274471620916
174	0.0006312470682912119
175	0.00024668817999331486
176	0.00024668817999331486
177	0.00014668166941756098
178	0.00014668166941756098
179	0.00014668166941756098
180	0.00024668817999331486
181	0.0006977395396473621
182	0.00024668817999331486
183	0.0004904597217037522
184	0.0005623274471620916
185	0.0005623274471620916
186	0.00041487841248368315
187	0.000334361900563238
188	0.0008248516436140394
189	0.0005623274471620916
190	0.0006312470682912119
191	0.0004904597217037522
192	0.0004904597217037522
193	0.00024668817999331486
194	0.0005623274471620916
195	0.0004904597217037522
196	0.000334361900563238
197	0.0005623274471620916
198	0.00024668817999331486
199	0.00014668166941756098
200	0.000334361900563238
201	0.0005623274471620916
202	0.00024668817999331486
203	0.00024668817999331486
204	0.000334361900563238
205	0.00024668817999331486
206	0.00014668166941756098
207	0.000334361900563238
208	0.00014668166941756098
209	0.000334361900563238
210	0.00024668817999331486
211	0.000334361900563238
212	0.0006977395396473621
213	0.0006312470682912119
214	0.000334361900563238
215	0.000334361900563238
216	0.00024668817999331486
217	0.000334361900563238
218	0.00024668817999331486
219	0.0005623274471620916
220	0.000334361900563238
221	0.000334361900563238
222	0.000334361900563238
223	0.0005623274471620916
224	0.00014668166941756098
225	0.000334361900563238
226	0.00024668817999331486
227	0.00024668817999331486
228	0.00024668817999331486
229	0.00014668166941756098
230	0.00024668817999331486
231	0.000334361900563238
232	0.00014668166941756098
233	0.00014668166941756098
234	0.000334361900563238
235	0.00014668166941756098
236	0.00041487841248368315
237	0.00014668166941756098
238	0.00014668166941756098
239	0.00014668166941756098
240	0.00014668166941756098
241	0.00014668166941756098
242	0.0004904597217037522
243	0.000334361900563238
244	0.00024668817999331486
245	0.00024668817999331486
246	0.00024668817999331486
247	0.000334361900563238
248	0.00024668817999331486
249	0.000334361900563238
250	0.00024668817999331486
251	0.000334361900563238
252	0.00024668817999331486
253	0.00014668166941756098
254	0.00024668817999331486
255	0.00014668166941756098
256	0.00024668817999331486
257	0.00014668166941756098
258	0.00014668166941756098
259	0.00024668817999331486
260	0.0006312470682912119
261	0.0006977395396473621
262	0.0008248516436140394
263	0.00014668166941756098
264	0.0004904597217037522
265	0.00014668166941756098
266	0.000334361900563238
267	0.0006977395396473621
268	0.00024668817999331486
269	0.0009457182690347508
270	0.00024668817999331486
271	0.00024668817999331486
272	0.00024668817999331486
273	0.00024668817999331486
274	0.00041487841248368315
275	0.00014668166941756098
276	0.0006312470682912119
277	0.00024668817999331486
278	0.00024668817999331486
279	0.000334361900563238
280	0.0006312470682912119
281	0.0005623274471620916
282	0.000334361900563238
283	0.000334361900563238
284	0.00024668817999331486
285	0.0010616267937309937
286	0.000334361900563238
287	0.0006312470682912119
288	0.000334361900563238
289	0.00014668166941756098
290	0.00024668817999331486
291	0.00024668817999331486
292	0.00014668166941756098
293	0.00024668817999331486
294	0.00014668166941756098
295	0.0006312470682912119
296	0.0006312470682912119
297	0.0008859727368614708
298	0.00024668817999331486
299	0.0008248516436140394
300	0.00024668817999331486
301	0.0006312470682912119
302	0.00041487841248368315
303	0.00014668166941756098
304	0.00041487841248368315
305	0.00014668166941756098
306	0.00014668166941756098
307	0.00024668817999331486
308	0.00024668817999331486
309	0.000334361900563238
310	0.00014668166941756098
311	0.00014668166941756098
312	0.00024668817999331486
313	0.00014668166941756098
314	0.00041487841248368315
315	0.00014668166941756098
316	0.00014668166941756098
317	0.00014668166941756098
318	0.00024668817999331486
319	0.00014668166941756098
320	0.00014668166941756098
321	0.00014668166941756098
322	0.00024668817999331486
323	0.0005623274471620916
324	0.00024668817999331486
325	0.0004904597217037522
326	0.00024668817999331486
327	0.0007621803119107128
328	0.00014668166941756098
329	0.00014668166941756098
330	0.000334361900563238
331	0.0004904597217037522
332	0.0004904597217037522
333	0.000334361900563238
334	0.00024668817999331486
335	0.00024668817999331486
336	0.00024668817999331486
337	0.000334361900563238
338	0.00014668166941756098
339	0.00024668817999331486
340	0.000334361900563238
341	0.0004904597217037522
342	0.0010616267937309937
343	0.00041487841248368315
344	0.0010042303865391935
345	0.0009457182690347508
346	0.0011180063967757795
347	0.00041487841248368315
348	0.0008248516436140394
349	0.00014668166941756098
350	0.00024668817999331486
351	0.0008248516436140394
352	0.0005623274471620916
353	0.000334361900563238
354	0.0006312470682912119
355	0.0006312470682912119
356	0.0004904597217037522
357	0.0005623274471620916
358	0.0006312470682912119
359	0.00024668817999331486
360	0.0004904597217037522
361	0.0004904597217037522
362	0.00024668817999331486
363	0.0006312470682912119
364	0.000334361900563238
365	0.000334361900563238
366	0.0011734533553404878
367	0.00041487841248368315
368	0.0008859727368614708
369	0.00041487841248368315
370	0.000334361900563238
371	0.000334361900563238
372	0.0005623274471620916
373	0.0008248516436140394
374	0.0005623274471620916
375	0.000334361900563238
376	0.00041487841248368315
377	0.00041487841248368315
378	0.00014668166941756098
379	0.00024668817999331486
380	0.00024668817999331486
381	0.0005623274471620916
382	0.0005623274471620916
383	0.0009457182690347508
384	0.0006312470682912119
385	0.0017373953996724632
386	0.0005623274471620916
387	0.00024668817999331486
388	0.00024668817999331486
389	0.000334361900563238
390	0.00014668166941756098
391	0.000334361900563238
392	0.00024668817999331486
393	0.00014668166941756098
394	0.00014668166941756098
395	0.0005623274471620916
396	0.000334361900563238
397	0.00014668166941756098
398	0.0006312470682912119
399	0.00024668817999331486
400	0.000334361900563238
401	0.00024668817999331486
402	0.00014668166941756098
403	0.00014668166941756098
404	0.00024668817999331486
405	0.0004904597217037522
406	0.00041487841248368315
407	0.0008859727368614708
408	0.00024668817999331486
409	0.00041487841248368315
410	0.000334361900563238
411	0.00014668166941756098
412	0.0006977395396473621
413	0.0008859727368614708
414	0.00041487841248368315
415	0.000334361900563238
416	0.0008248516436140394
417	0.000334361900563238
418	0.00041487841248368315
419	0.00024668817999331486
420	0.00024668817999331486
421	0.00024668817999331486
422	0.00014668166941756098
423	0.00014668166941756098
424	0.00024668817999331486
425	0.00024668817999331486
426	0.00024668817999331486
427	0.00041487841248368315
428	0.00014668166941756098
429	0.00024668817999331486
430	0.0004904597217037522
431	0.000334361900563238
432	0.00041487841248368315
433	0.00024668817999331486
434	0.00014668166941756098
435	0.00041487841248368315
436	0.0006977395396473621
437	0.000334361900563238
438	0.0004904597217037522
439	0.000334361900563238
440	0.0006312470682912119
441	0.0006977395396473621
442	0.0006312470682912119
443	0.000334361900563238
444	0.00014668166941756098
445	0.000334361900563238
446	0.00024668817999331486
447	0.00024668817999331486
448	0.00024668817999331486
449	0.00024668817999331486
450	0.0005623274471620916
451	0.0008248516436140394
452	0.0006312470682912119
453	0.00024668817999331486
454	0.00024668817999331486
455	0.00041487841248368315
456	0.00024668817999331486
457	0.0005623274471620916
458	0.0004904597217037522
459	0.00024668817999331486
460	0.000334361900563238
461	0.00024668817999331486
462	0.00024668817999331486
463	0.00024668817999331486
464	0.0007621803119107128
465	0.00024668817999331486
466	0.000334361900563238
467	0.00024668817999331486
468	0.00041487841248368315
469	0.00014668166941756098
470	0.00014668166941756098
471	0.0007621803119107128
472	0.00014668166941756098
473	0.00014668166941756098
474	0.000334361900563238
475	0.00014668166941756098
476	0.00041487841248368315
477	0.00014668166941756098
478	0.00014668166941756098
479	0.00014668166941756098
480	0.00024668817999331486
481	0.00024668817999331486
482	0.00041487841248368315
483	0.00041487841248368315
484	0.00014668166941756098
485	0.00014668166941756098
486	0.000334361900563238
487	0.00024668817999331486
488	0.00014668166941756098
489	0.00024668817999331486
490	0.00024668817999331486
491	0.000334361900563238
492	0.0004904597217037522
493	0.000334361900563238
494	0.00014668166941756098
495	0.000334361900563238
496	0.000334361900563238
497	0.00024668817999331486
498	0.000334361900563238
499	0.00014668166941756098
500	0.00024668817999331486
501	0.00024668817999331486
502	0.000334361900563238
503	0.0004904597217037522
504	0.00014668166941756098
505	0.00014668166941756098
506	0.00041487841248368315
507	0.00024668817999331486
508	0.00024668817999331486
509	0.00024668817999331486
510	0.00024668817999331486
511	0.00014668166941756098
512	0.00014668166941756098
513	0.000334361900563238
514	0.00014668166941756098
515	0.00041487841248368315
516	0.00024668817999331486
517	0.00014668166941756098
518	0.000334361900563238
519	0.00014668166941756098
520	0.00024668817999331486
521	0.00024668817999331486
522	0.0005623274471620916
523	0.0005623274471620916
524	0.00014668166941756098
525	0.00024668817999331486
526	0.00041487841248368315
527	0.00014668166941756098
528	0.00014668166941756098
529	0.00014668166941756098
530	0.00041487841248368315
531	0.00122804006271824
532	0.0009457182690347508
533	0.0007621803119107128
534	0.0006312470682912119
535	0.00041487841248368315
536	0.0010042303865391935
537	0.0012818293841253526
538	0.0006977395396473621
539	0.00024668817999331486
540	0.00024668817999331486
541	0.00024668817999331486
542	0.00024668817999331486
543	0.00024668817999331486
544	0.00014668166941756098
545	0.00041487841248368315
546	0.000334361900563238
547	0.0004904597217037522
548	0.000334361900563238
549	0.00041487841248368315
550	0.000334361900563238
551	0.00041487841248368315
552	0.0005623274471620916
553	0.00041487841248368315
554	0.0004904597217037522
555	0.00024668817999331486
556	0.00024668817999331486
557	0.0007621803119107128
558	0.000334361900563238
559	0.00024668817999331486
560	0.0006312470682912119
561	0.0006977395396473621
562	0.00024668817999331486
563	0.000334361900563238
564	0.00024668817999331486
565	0.00041487841248368315
566	0.0004904597217037522
567	0.00024668817999331486
568	0.00024668817999331486
569	0.00014668166941756098
570	0.00024668817999331486
571	0.00041487841248368315
572	0.0004904597217037522
573	0.000334361900563238
574	0.00041487841248368315
575	0.00041487841248368315
576	0.00024668817999331486
577	0.000334361900563238
578	0.00024668817999331486
579	0.0008859727368614708
580	0.00014668166941756098
581	0.00041487841248368315
582	0.00014668166941756098
583	0.000334361900563238
584	0.000334361900563238
585	0.00041487841248368315
586	0.000334361900563238
587	0.00024668817999331486
588	0.00041487841248368315
589	0.000334361900563238
590	0.00024668817999331486
591	0.000334361900563238
592	0.000334361900563238
593	0.0005623274471620916
594	0.0006312470682912119
595	0.0005623274471620916
596	0.0005623274471620916
597	0.00014668166941756098
598	0.0008248516436140394
599	0.0005623274471620916
600	0.00014668166941756098
601	0.0004904597217037522
602	0.00024668817999331486
603	0.0007621803119107128
604	0.00014668166941756098
605	0.0004904597217037522
606	0.00014668166941756098
607	0.0005623274471620916
608	0.00041487841248368315
609	0.0004904597217037522
610	0.0006977395396473621
611	0.0006312470682912119
612	0.000334361900563238
613	0.0005623274471620916
614	0.00014668166941756098
615	0.00014668166941756098
616	0.00024668817999331486
617	0.00014668166941756098
618	0.0004904597217037522
619	0.000334361900563238
620	0.00041487841248368315
621	0.00024668817999331486
622	0.00014668166941756098
623	0.00014668166941756098
624	0.00024668817999331486
625	0.000334361900563238
626	0.000334361900563238
627	0.0004904597217037522
628	0.00014668166941756098
629	0.00014668166941756098
630	0.00024668817999331486
631	0.00024668817999331486
632	0.00024668817999331486
633	0.00014668166941756098
634	0.00014668166941756098
635	0.00024668817999331486
636	0.00024668817999331486
637	0.00041487841248368315
638	0.0008248516436140394
639	0.00041487841248368315
640	0.0007621803119107128
641	0.0008248516436140394
642	0.00014668166941756098
643	0.00014668166941756098
644	0.0004904597217037522
645	0.00014668166941756098
646	0.00014668166941756098
647	0.0004904597217037522
648	0.000334361900563238
649	0.0008248516436140394
650	0.00041487841248368315
651	0.00024668817999331486
652	0.0004904597217037522
653	0.00024668817999331486
654	0.00024668817999331486
655	0.000334361900563238
656	0.00041487841248368315
657	0.000334361900563238
658	0.00024668817999331486
659	0.00024668817999331486
660	0.00024668817999331486
661	0.00024668817999331486
662	0.0004904597217037522
663	0.00024668817999331486
664	0.000334361900563238
665	0.00024668817999331486
666	0.000334361900563238
667	0.0005623274471620916
668	0.0008859727368614708
669	0.000334361900563238
670	0.000334361900563238
671	0.000334361900563238
672	0.00024668817999331486
673	0.00024668817999331486
674	0.00014668166941756098
675	0.00014668166941756098
676	0.00014668166941756098
677	0.0008859727368614708
678	0.000334361900563238
679	0.0007621803119107128
680	0.0008248516436140394
681	0.00041487841248368315
682	0.0009457182690347508
683	0.00041487841248368315
684	0.00041487841248368315
685	0.00014668166941756098
686	0.00014668166941756098
687	0.00024668817999331486
688	0.000334361900563238
689	0.000334361900563238
690	0.0004904597217037522
691	0.0006312470682912119
692	0.000334361900563238
693	0.000334361900563238
694	0.00014668166941756098
695	0.00014668166941756098
696	0.0008248516436140394
697	0.0004904597217037522
698	0.0005623274471620916
699	0.00041487841248368315
700	0.0005623274471620916
701	0.00024668817999331486
702	0.00024668817999331486
703	0.000334361900563238
704	0.000334361900563238
705	0.00041487841248368315
706	0.00024668817999331486
707	0.0005623274471620916
708	0.000334361900563238
709	0.000334361900563238
710	0.000334361900563238
711	0.000334361900563238
712	0.000334361900563238
713	0.00024668817999331486
714	0.000334361900563238
715	0.0004904597217037522
716	0.00024668817999331486
717	0.00024668817999331486
718	0.00024668817999331486
719	0.00024668817999331486
720	0.000334361900563238
721	0.00041487841248368315
722	0.00014668166941756098
723	0.00014668166941756098
724	0.000334361900563238
725	0.00014668166941756098
726	0.00024668817999331486
727	0.00014668166941756098
728	0.000334361900563238
729	0.00024668817999331486
730	0.000334361900563238
731	0.00024668817999331486
732	0.00024668817999331486
733	0.00041487841248368315
734	0.00014668166941756098
735	0.000334361900563238
736	0.0004904597217037522
737	0.00024668817999331486
738	0.00041487841248368315
739	0.00024668817999331486
740	0.000334361900563238
741	0.00024668817999331486
742	0.00024668817999331486
743	0.00024668817999331486
744	0.00014668166941756098
745	0.00024668817999331486
746	0.00014668166941756098
747	0.00014668166941756098
748	0.0004904597217037522
749	0.00014668166941756098
750	0.00014668166941756098
751	0.0006312470682912119
752	0.00014668166941756098
753	0.00014668166941756098
754	0.00041487841248368315
755	0.00041487841248368315
756	0.00041487841248368315
757	0.00014668166941756098
758	0.00014668166941756098
759	0.000334361900563238
760	0.00024668817999331486
761	0.00024668817999331486
762	0.00014668166941756098
763	0.000334361900563238
764	0.000334361900563238
765	0.000334361900563238
766	0.0004904597217037522
767	0.00041487841248368315
768	0.00024668817999331486
769	0.00024668817999331486
770	0.000334361900563238
771	0.00024668817999331486
772	0.00024668817999331486
773	0.000334361900563238
774	0.00024668817999331486
775	0.00041487841248368315
776	0.00024668817999331486
777	0.00041487841248368315
778	0.00041487841248368315
779	0.00014668166941756098
780	0.00024668817999331486
781	0.00014668166941756098
782	0.000334361900563238
783	0.0005623274471620916
784	0.0006312470682912119
785	0.000334361900563238
786	0.00014668166941756098
787	0.00024668817999331486
788	0.000334361900563238
789	0.00024668817999331486
790	0.0006977395396473621
791	0.00014668166941756098
792	0.0005623274471620916
793	0.00014668166941756098
794	0.00024668817999331486
795	0.00024668817999331486
796	0.00014668166941756098
797	0.0004904597217037522
798	0.00024668817999331486
799	0.00014668166941756098
800	0.00014668166941756098
801	0.00024668817999331486
802	0.00041487841248368315
803	0.00024668817999331486
804	0.00024668817999331486
805	0.00024668817999331486
806	0.00024668817999331486
807	0.00014668166941756098
808	0.00014668166941756098
809	0.00024668817999331486
810	0.00041487841248368315
811	0.00014668166941756098
812	0.00014668166941756098
813	0.00014668166941756098
814	0.00014668166941756098
815	0.0004904597217037522
816	0.00014668166941756098
817	0.00024668817999331486
818	0.00024668817999331486
819	0.00024668817999331486
820	0.00024668817999331486
821	0.0006312470682912119
822	0.00014668166941756098
823	0.000334361900563238
824	0.00041487841248368315
825	0.00041487841248368315
826	0.00024668817999331486
827	0.000334361900563238
828	0.00024668817999331486
829	0.00024668817999331486
830	0.00014668166941756098
831	0.00014668166941756098
832	0.000334361900563238
833	0.00024668817999331486
834	0.00024668817999331486
835	0.0004904597217037522
836	0.0005623274471620916
837	0.00014668166941756098
838	0.00024668817999331486
839	0.00041487841248368315
840	0.0007621803119107128
841	0.0005623274471620916
842	0.00041487841248368315
843	0.00024668817999331486
844	0.000334361900563238
845	0.00014668166941756098
846	0.00014668166941756098
847	0.00041487841248368315
848	0.00041487841248368315
849	0.000334361900563238
850	0.0004904597217037522
851	0.00014668166941756098
852	0.00014668166941756098
853	0.00014668166941756098
854	0.00014668166941756098
855	0.00014668166941756098
856	0.00024668817999331486
857	0.000334361900563238
858	0.000334361900563238
859	0.00024668817999331486
860	0.00014668166941756098
861	0.00041487841248368315
862	0.00041487841248368315
863	0.00024668817999331486
864	0.000334361900563238
865	0.00014668166941756098
866	0.00024668817999331486
867	0.00014668166941756098
868	0.00024668817999331486
869	0.00024668817999331486
870	0.0004904597217037522
871	0.0004904597217037522
872	0.00014668166941756098
873	0.00014668166941756098
874	0.00024668817999331486
875	0.000334361900563238
876	0.000334361900563238
877	0.0004904597217037522
878	0.000334361900563238
879	0.00041487841248368315
880	0.00024668817999331486
881	0.0004904597217037522
882	0.00024668817999331486
883	0.0004904597217037522
884	0.000334361900563238
885	0.00041487841248368315
886	0.00024668817999331486
887	0.000334361900563238
888	0.000334361900563238
889	0.0006312470682912119
890	0.00041487841248368315
891	0.0004904597217037522
892	0.00014668166941756098
893	0.00024668817999331486
894	0.00014668166941756098
895	0.00014668166941756098
896	0.00024668817999331486
897	0.000334361900563238
898	0.000334361900563238
899	0.00014668166941756098
900	0.0007621803119107128
901	0.0009457182690347508
902	0.0005623274471620916
903	0.00024668817999331486
904	0.00024668817999331486
905	0.00041487841248368315
906	0.00041487841248368315
907	0.00041487841248368315
908	0.00041487841248368315
909	0.00041487841248368315
910	0.000334361900563238
911	0.00014668166941756098
912	0.00014668166941756098
913	0.000334361900563238
914	0.00024668817999331486
915	0.000334361900563238
916	0.00014668166941756098
917	0.0006977395396473621
918	0.0004904597217037522
919	0.0005623274471620916
920	0.00024668817999331486
921	0.000334361900563238
922	0.0006312470682912119
923	0.00024668817999331486
924	0.000334361900563238
925	0.00041487841248368315
926	0.00014668166941756098
927	0.000334361900563238
928	0.00041487841248368315
929	0.00024668817999331486
930	0.00041487841248368315
931	0.00041487841248368315
932	0.00041487841248368315
933	0.00014668166941756098
934	0.00014668166941756098
935	0.00014668166941756098
936	0.00014668166941756098
937	0.00024668817999331486
938	0.000334361900563238
939	0.00014668166941756098
940	0.00014668166941756098
941	0.00014668166941756098
942	0.000334361900563238
943	0.000334361900563238
944	0.000334361900563238
945	0.000334361900563238
946	0.000334361900563238
947	0.0009457182690347508
948	0.0008248516436140394
949	0.00024668817999331486
950	0.0004904597217037522
951	0.0005623274471620916
952	0.00024668817999331486
953	0.0004904597217037522
954	0.000334361900563238
955	0.0010042303865391935
956	0.00041487841248368315
957	0.0011180063967757795
958	0.000334361900563238
959	0.0004904597217037522
960	0.0004904597217037522
961	0.0011734533553404878
962	0.00024668817999331486
963	0.0011734533553404878
964	0.0011734533553404878
965	0.00014668166941756098
966	0.000334361900563238
967	0.00024668817999331486
968	0.00041487841248368315
969	0.000334361900563238
970	0.00014668166941756098
971	0.00014668166941756098
972	0.00014668166941756098
973	0.00024668817999331486
974	0.00014668166941756098
975	0.00041487841248368315
976	0.00024668817999331486
977	0.00024668817999331486
978	0.00024668817999331486
979	0.00014668166941756098
980	0.00024668817999331486
981	0.00041487841248368315
982	0.00024668817999331486
983	0.000334361900563238
984	0.000334361900563238
985	0.000334361900563238
986	0.0005623274471620916
987	0.00041487841248368315
988	0.000334361900563238
989	0.00014668166941756098
990	0.00024668817999331486
991	0.00014668166941756098
992	0.000334361900563238
993	0.00024668817999331486
994	0.00024668817999331486
995	0.000334361900563238
996	0.00014668166941756098
997	0.00014668166941756098
998	0.000334361900563238
999	0.00024668817999331486
1000	0.00024668817999331486
1001	0.000334361900563238
1002	0.000334361900563238
1003	0.0008248516436140394
1004	0.00041487841248368315
1005	0.000334361900563238
1006	0.00014668166941756098
1007	0.00024668817999331486
1008	0.000334361900563238
1009	0.00024668817999331486
1010	0.0006977395396473621
1011	0.00014668166941756098
1012	0.00014668166941756098
1013	0.0006312470682912119
1014	0.00014668166941756098
1015	0.00024668817999331486
1016	0.00024668817999331486
1017	0.00024668817999331486
1018	0.0004904597217037522
1019	0.0006312470682912119
1020	0.00014668166941756098
1021	0.00041487841248368315
1022	0.000334361900563238
1023	0.00014668166941756098
1024	0.0006312470682912119
1025	0.00014668166941756098
1026	0.00041487841248368315
1027	0.0011180063967757795
1028	0.00014668166941756098
1029	0.00024668817999331486
1030	0.00024668817999331486
1031	0.0011180063967757795
1032	0.0004904597217037522
1033	0.0004904597217037522
1034	0.00024668817999331486
1035	0.00024668817999331486
1036	0.00024668817999331486
1037	0.000334361900563238
1038	0.0006312470682912119
1039	0.0005623274471620916
1040	0.00024668817999331486
1041	0.00024668817999331486
1042	0.00024668817999331486
1043	0.00014668166941756098
1044	0.00014668166941756098
1045	0.000334361900563238
1046	0.0006977395396473621
1047	0.0004904597217037522
1048	0.0004904597217037522
1049	0.0005623274471620916
1050	0.0007621803119107128
1051	0.00024668817999331486
1052	0.0007621803119107128
1053	0.000334361900563238
1054	0.0015405355372897823
1055	0.0005623274471620916
1056	0.00024668817999331486
1057	0.00024668817999331486
1058	0.000334361900563238
1059	0.000334361900563238
1060	0.00014668166941756098
1061	0.00014668166941756098
1062	0.00014668166941756098
1063	0.00014668166941756098
1064	0.00014668166941756098
1065	0.00024668817999331486
1066	0.00024668817999331486
1067	0.0004904597217037522
1068	0.00024668817999331486
1069	0.000334361900563238
1070	0.00024668817999331486
1071	0.00024668817999331486
1072	0.00024668817999331486
1073	0.00014668166941756098
1074	0.00014668166941756098
1075	0.0005623274471620916
1076	0.0007621803119107128
1077	0.000334361900563238
1078	0.0008859727368614708
1079	0.00024668817999331486
1080	0.0005623274471620916
1081	0.00041487841248368315
1082	0.00024668817999331486
1083	0.00024668817999331486
1084	0.0005623274471620916
1085	0.00024668817999331486
1086	0.00041487841248368315
1087	0.0009457182690347508
1088	0.0007621803119107128
1089	0.0009457182690347508
1090	0.00024668817999331486
1091	0.00041487841248368315
1092	0.000334361900563238
1093	0.000334361900563238
1094	0.0004904597217037522
1095	0.00041487841248368315
1096	0.0005623274471620916
1097	0.00024668817999331486
1098	0.00024668817999331486
1099	0.000334361900563238
1100	0.000334361900563238
1101	0.00024668817999331486
1102	0.000334361900563238
1103	0.0004904597217037522
1104	0.0005623274471620916
1105	0.0008859727368614708
1106	0.000334361900563238
1107	0.00014668166941756098
1108	0.0006312470682912119
1109	0.00014668166941756098
1110	0.00014668166941756098
1111	0.00041487841248368315
1112	0.00024668817999331486
1113	0.0005623274471620916
1114	0.00014668166941756098
1115	0.0011734533553404878
1116	0.00024668817999331486
1117	0.000334361900563238
1118	0.00024668817999331486
1119	0.0006312470682912119
1120	0.00024668817999331486
1121	0.000334361900563238
1122	0.00024668817999331486
1123	0.0006312470682912119
1124	0.00041487841248368315
1125	0.00024668817999331486
1126	0.0007621803119107128
1127	0.0006312470682912119
1128	0.0004904597217037522
1129	0.00024668817999331486
1130	0.0005623274471620916
1131	0.00024668817999331486
1132	0.000334361900563238
1133	0.00014668166941756098
1134	0.00024668817999331486
1135	0.00024668817999331486
1136	0.00014668166941756098
1137	0.00024668817999331486
1138	0.00014668166941756098
1139	0.00041487841248368315
1140	0.0008248516436140394
1141	0.00014668166941756098
1142	0.00024668817999331486
1143	0.00014668166941756098
1144	0.00014668166941756098
1145	0.0004904597217037522
1146	0.00014668166941756098
1147	0.00024668817999331486
1148	0.000334361900563238
1149	0.000334361900563238
1150	0.00014668166941756098
1151	0.00014668166941756098
1152	0.00024668817999331486
1153	0.00014668166941756098
1154	0.00041487841248368315
1155	0.00014668166941756098
1156	0.00014668166941756098
1157	0.0004904597217037522
1158	0.00024668817999331486
1159	0.00024668817999331486
1160	0.00024668817999331486
1161	0.00041487841248368315
1162	0.00014668166941756098
1163	0.00014668166941756098
1164	0.00024668817999331486
1165	0.00014668166941756098
1166	0.0004904597217037522
1167	0.00014668166941756098
1168	0.000334361900563238
1169	0.00024668817999331486
1170	0.000334361900563238
1171	0.00014668166941756098
1172	0.0005623274471620916
1173	0.00014668166941756098
1174	0.00014668166941756098
1175	0.0017854363303713742
1176	0.00024668817999331486
1177	0.00024668817999331486
1178	0.000334361900563238
1179	0.0006312470682912119
1180	0.0006312470682912119
1181	0.000334361900563238
1182	0.00041487841248368315
1183	0.0006312470682912119
1184	0.0008248516436140394
1185	0.00024668817999331486
1186	0.0006312470682912119
1187	0.00041487841248368315
1188	0.00014668166941756098
1189	0.000334361900563238
1190	0.00024668817999331486
1191	0.000334361900563238
1192	0.0006312470682912119
1193	0.00014668166941756098
1194	0.0005623274471620916
1195	0.0005623274471620916
1196	0.0004904597217037522
1197	0.00014668166941756098
1198	0.0005623274471620916
1199	0.00014668166941756098
1200	0.00024668817999331486
1201	0.000334361900563238
1202	0.00024668817999331486
1203	0.00014668166941756098
1204	0.0008248516436140394
1205	0.00041487841248368315
1206	0.00024668817999331486
1207	0.00014668166941756098
1208	0.00041487841248368315
1209	0.0004904597217037522
1210	0.0004904597217037522
1211	0.0005623274471620916
1212	0.00014668166941756098
1213	0.00014668166941756098
1214	0.00041487841248368315
1215	0.00014668166941756098
1216	0.00014668166941756098
1217	0.00014668166941756098
1218	0.00014668166941756098
1219	0.00014668166941756098
1220	0.000334361900563238
1221	0.00014668166941756098
1222	0.00014668166941756098
1223	0.000334361900563238
1224	0.00024668817999331486
1225	0.00014668166941756098
1226	0.00041487841248368315
1227	0.0005623274471620916
1228	0.0005623274471620916
1229	0.00014668166941756098
1230	0.00014668166941756098
1231	0.00014668166941756098
1232	0.00024668817999331486
1233	0.000334361900563238
1234	0.00014668166941756098
1235	0.00014668166941756098
1236	0.00014668166941756098
1237	0.000334361900563238
1238	0.00024668817999331486
1239	0.00014668166941756098
1240	0.00014668166941756098
1241	0.00014668166941756098
1242	0.00014668166941756098
1243	0.00024668817999331486
1244	0.00014668166941756098
1245	0.00014668166941756098
1246	0.000334361900563238
1247	0.00014668166941756098
1248	0.00014668166941756098
1249	0.00024668817999331486
1250	0.00024668817999331486
1251	0.00014668166941756098
1252	0.00014668166941756098
1253	0.000334361900563238
1254	0.00024668817999331486
1255	0.00014668166941756098
1256	0.00014668166941756098
1257	0.00014668166941756098
1258	0.00024668817999331486
1259	0.00014668166941756098
1260	0.000334361900563238
1261	0.00014668166941756098
1262	0.00014668166941756098
1263	0.00014668166941756098
1264	0.00014668166941756098
1265	0.0008248516436140394
1266	0.0008248516436140394
1267	0.0005623274471620916
1268	0.000334361900563238
1269	0.00014668166941756098
1270	0.00024668817999331486
1271	0.000334361900563238
1272	0.00014668166941756098
1273	0.00024668817999331486
1274	0.0014389321468518319
1275	0.00014668166941756098
1276	0.00024668817999331486
1277	0.00014668166941756098
1278	0.00014668166941756098
1279	0.0004904597217037522
1280	0.00024668817999331486
1281	0.00024668817999331486
1282	0.0013348763687538567
1283	0.00041487841248368315
1284	0.00041487841248368315
1285	0.0007621803119107128
1286	0.0006312470682912119
1287	0.00024668817999331486
1288	0.00014668166941756098
1289	0.000334361900563238
1290	0.00014668166941756098
1291	0.0004904597217037522
1292	0.00024668817999331486
1293	0.000334361900563238
1294	0.00024668817999331486
1295	0.0005623274471620916
1296	0.0005623274471620916
1297	0.00024668817999331486
1298	0.00014668166941756098
1299	0.00014668166941756098
1300	0.00014668166941756098
1301	0.00014668166941756098
1302	0.00024668817999331486
1303	0.000334361900563238
1304	0.00014668166941756098
1305	0.00024668817999331486
1306	0.0005623274471620916
1307	0.000334361900563238
1308	0.00024668817999331486
1309	0.00024668817999331486
1310	0.00014668166941756098
1311	0.00014668166941756098
1312	0.00024668817999331486
1313	0.00024668817999331486
1314	0.00024668817999331486
1315	0.0006312470682912119
1316	0.000334361900563238
1317	0.00041487841248368315
1318	0.000334361900563238
1319	0.00024668817999331486
1320	0.000334361900563238
1321	0.00014668166941756098
1322	0.000334361900563238
1323	0.00041487841248368315
1324	0.000334361900563238
1325	0.000334361900563238
1326	0.00024668817999331486
1327	0.00024668817999331486
1328	0.000334361900563238
1329	0.00041487841248368315
1330	0.00014668166941756098
1331	0.00014668166941756098
1332	0.00014668166941756098
1333	0.00041487841248368315
1334	0.00014668166941756098
1335	0.00014668166941756098
1336	0.00024668817999331486
1337	0.00014668166941756098
1338	0.00014668166941756098
1339	0.00024668817999331486
1340	0.0004904597217037522
1341	0.00014668166941756098
1342	0.0005623274471620916
1343	0.00024668817999331486
1344	0.00041487841248368315
1345	0.0004904597217037522
1346	0.0004904597217037522
1347	0.000334361900563238
1348	0.00014668166941756098
1349	0.000334361900563238
1350	0.00014668166941756098
1351	0.00014668166941756098
1352	0.0004904597217037522
1353	0.0004904597217037522
1354	0.0004904597217037522
1355	0.000334361900563238
1356	0.00041487841248368315
1357	0.00014668166941756098
1358	0.000334361900563238
1359	0.00014668166941756098
1360	0.00014668166941756098
1361	0.00014668166941756098
1362	0.0004904597217037522
1363	0.00014668166941756098
1364	0.000334361900563238
1365	0.0005623274471620916
1366	0.00024668817999331486
1367	0.00014668166941756098
1368	0.00014668166941756098
1369	0.00014668166941756098
1370	0.0005623274471620916
1371	0.00014668166941756098
1372	0.00014668166941756098
1373	0.00014668166941756098
1374	0.00014668166941756098
1375	0.00014668166941756098
1376	0.0005623274471620916
1377	0.0006977395396473621
1378	0.000334361900563238
1379	0.0006977395396473621
1380	0.00014668166941756098
1381	0.0014900225968786666
1382	0.000334361900563238
1383	0.000334361900563238
1384	0.00024668817999331486
1385	0.00024668817999331486
1386	0.00014668166941756098
1387	0.00014668166941756098
1388	0.00024668817999331486
1389	0.00014668166941756098
1390	0.00041487841248368315
1391	0.00014668166941756098
1392	0.00024668817999331486
1393	0.00024668817999331486
1394	0.000334361900563238
1395	0.00014668166941756098
1396	0.00024668817999331486
1397	0.00024668817999331486
1398	0.00014668166941756098
1399	0.00024668817999331486
1400	0.00024668817999331486
1401	0.00024668817999331486
1402	0.00041487841248368315
1403	0.00041487841248368315
1404	0.00024668817999331486
1405	0.0009457182690347508
1406	0.00014668166941756098
1407	0.00014668166941756098
1408	0.00041487841248368315
1409	0.00024668817999331486
1410	0.00041487841248368315
1411	0.00024668817999331486
1412	0.00014668166941756098
1413	0.00014668166941756098
1414	0.000334361900563238
1415	0.000334361900563238
1416	0.00024668817999331486
1417	0.00024668817999331486
1418	0.00024668817999331486
1419	0.00014668166941756098
1420	0.00014668166941756098
1421	0.00014668166941756098
1422	0.00041487841248368315
1423	0.00014668166941756098
1424	0.00014668166941756098
1425	0.00014668166941756098
1426	0.00024668817999331486
1427	0.00024668817999331486
1428	0.00014668166941756098
1429	0.00014668166941756098
1430	0.00014668166941756098
1431	0.00014668166941756098
1432	0.00014668166941756098
1433	0.00014668166941756098
1434	0.00014668166941756098
1435	0.00014668166941756098
1436	0.00014668166941756098
1437	0.00014668166941756098
1438	0.00014668166941756098
1439	0.00024668817999331486
1440	0.000334361900563238
1441	0.00024668817999331486
1442	0.00014668166941756098
1443	0.00024668817999331486
1444	0.00014668166941756098
1445	0.00014668166941756098
1446	0.00014668166941756098
1447	0.00014668166941756098
1448	0.0005623274471620916
1449	0.00024668817999331486
1450	0.00024668817999331486
1451	0.00014668166941756098
1452	0.00014668166941756098
1453	0.00041487841248368315
1454	0.00014668166941756098
1455	0.0004904597217037522
1456	0.00024668817999331486
1457	0.00024668817999331486
1458	0.00014668166941756098
1459	0.0006977395396473621
1460	0.00014668166941756098
1461	0.00014668166941756098
1462	0.0008248516436140394
1463	0.00014668166941756098
1464	0.00014668166941756098
1465	0.00014668166941756098
1466	0.00041487841248368315
1467	0.00024668817999331486
1468	0.00041487841248368315
1469	0.00041487841248368315
1470	0.0004904597217037522
1471	0.000334361900563238
1472	0.000334361900563238
1473	0.00041487841248368315
1474	0.00024668817999331486
1475	0.000334361900563238
1476	0.000334361900563238
1477	0.00024668817999331486
1478	0.00024668817999331486
1479	0.00041487841248368315
1480	0.00014668166941756098
1481	0.00041487841248368315
1482	0.0006977395396473621
1483	0.0004904597217037522
1484	0.0004904597217037522
1485	0.00024668817999331486
1486	0.000334361900563238
1487	0.00014668166941756098
1488	0.00014668166941756098
1489	0.00014668166941756098
1490	0.00014668166941756098
1491	0.000334361900563238
1492	0.00041487841248368315
1493	0.0008859727368614708
1494	0.00041487841248368315
1495	0.0005623274471620916
1496	0.00041487841248368315
1497	0.00014668166941756098
1498	0.00024668817999331486
1499	0.00014668166941756098
1500	0.000334361900563238
1501	0.00024668817999331486
1502	0.00014668166941756098
1503	0.00024668817999331486
1504	0.000334361900563238
1505	0.00014668166941756098
1506	0.00014668166941756098
1507	0.00041487841248368315
1508	0.0020653089730554297
1509	0.000334361900563238
1510	0.0005623274471620916
1511	0.0005623274471620916
1512	0.0005623274471620916
1513	0.0004904597217037522
1514	0.0013348763687538567
1515	0.0006977395396473621
1516	0.00041487841248368315
1517	0.0005623274471620916
1518	0.00024668817999331486
1519	0.0006312470682912119
1520	0.0006312470682912119
1521	0.0008248516436140394
1522	0.00041487841248368315
1523	0.00041487841248368315
1524	0.00024668817999331486
1525	0.00024668817999331486
1526	0.000334361900563238
1527	0.00014668166941756098
1528	0.0006977395396473621
1529	0.00014668166941756098
1530	0.00024668817999331486
1531	0.00024668817999331486
1532	0.0004904597217037522
1533	0.00014668166941756098
1534	0.00014668166941756098
1535	0.000334361900563238
1536	0.00024668817999331486
1537	0.00024668817999331486
1538	0.00014668166941756098
1539	0.00014668166941756098
1540	0.00024668817999331486
1541	0.00024668817999331486
1542	0.00041487841248368315
1543	0.00014668166941756098
1544	0.00024668817999331486
1545	0.00014668166941756098
1546	0.00024668817999331486
1547	0.00024668817999331486
1548	0.00024668817999331486
1549	0.0006977395396473621
1550	0.00014668166941756098
1551	0.0007621803119107128
1552	0.00024668817999331486
1553	0.0004904597217037522
1554	0.000334361900563238
1555	0.00014668166941756098
1556	0.00014668166941756098
1557	0.00024668817999331486
1558	0.00024668817999331486
1559	0.00041487841248368315
1560	0.0004904597217037522
1561	0.00014668166941756098
1562	0.000334361900563238
1563	0.0004904597217037522
1564	0.00024668817999331486
1565	0.00024668817999331486
1566	0.00041487841248368315
1567	0.0004904597217037522
1568	0.00041487841248368315
1569	0.00024668817999331486
1570	0.000334361900563238
1571	0.00024668817999331486
1572	0.00024668817999331486
1573	0.000334361900563238
1574	0.000334361900563238
1575	0.00014668166941756098
1576	0.00014668166941756098
1577	0.00024668817999331486
1578	0.00014668166941756098
1579	0.00014668166941756098
1580	0.00024668817999331486
1581	0.000334361900563238
1582	0.00014668166941756098
1583	0.00014668166941756098
1584	0.00014668166941756098
1585	0.00041487841248368315
1586	0.00014668166941756098
1587	0.00024668817999331486
1588	0.00041487841248368315
1589	0.00024668817999331486
1590	0.00014668166941756098
1591	0.000334361900563238
1592	0.000334361900563238
1593	0.000334361900563238
1594	0.00024668817999331486
1595	0.00041487841248368315
1596	0.000334361900563238
1597	0.00014668166941756098
1598	0.00014668166941756098
1599	0.00024668817999331486
1600	0.0004904597217037522
1601	0.0005623274471620916
1602	0.000334361900563238
1603	0.00014668166941756098
1604	0.00014668166941756098
1605	0.00014668166941756098
1606	0.000334361900563238
1607	0.00014668166941756098
1608	0.00041487841248368315
1609	0.00024668817999331486
1610	0.0007621803119107128
1611	0.00024668817999331486
1612	0.00024668817999331486
1613	0.00024668817999331486
1614	0.00014668166941756098
1615	0.000334361900563238
1616	0.00024668817999331486
1617	0.004638481663553564
1618	0.00041487841248368315
1619	0.00024668817999331486
1620	0.00014668166941756098
1621	0.00024668817999331486
1622	0.00024668817999331486
1623	0.000334361900563238
1624	0.00024668817999331486
1625	0.00024668817999331486
1626	0.00024668817999331486
1627	0.00024668817999331486
1628	0.000334361900563238
1629	0.00024668817999331486
1630	0.00014668166941756098
1631	0.00024668817999331486
1632	0.00024668817999331486
1633	0.00014668166941756098
1634	0.00041487841248368315
1635	0.000334361900563238
1636	0.0005623274471620916
1637	0.00041487841248368315
1638	0.000334361900563238
1639	0.00024668817999331486
1640	0.00024668817999331486
1641	0.0008859727368614708
1642	0.00024668817999331486
1643	0.0013872295804623603
1644	0.0005623274471620916
1645	0.000334361900563238
1646	0.00041487841248368315
1647	0.0004904597217037522
1648	0.00024668817999331486
1649	0.0006977395396473621
1650	0.0006312470682912119
1651	0.0010042303865391935
1652	0.00024668817999331486
1653	0.00041487841248368315
1654	0.00024668817999331486
1655	0.00014668166941756098
1656	0.00024668817999331486
1657	0.00024668817999331486
1658	0.00014668166941756098
1659	0.00014668166941756098
1660	0.00024668817999331486
1661	0.00014668166941756098
1662	0.00014668166941756098
1663	0.00014668166941756098
1664	0.00014668166941756098
1665	0.00014668166941756098
1666	0.00024668817999331486
1667	0.00014668166941756098
1668	0.00014668166941756098
1669	0.00014668166941756098
1670	0.00014668166941756098
1671	0.0004904597217037522
1672	0.000334361900563238
1673	0.0005623274471620916
1674	0.0005623274471620916
1675	0.000334361900563238
1676	0.00024668817999331486
1677	0.00024668817999331486
1678	0.00014668166941756098
1679	0.0007621803119107128
1680	0.00014668166941756098
1681	0.00014668166941756098
1682	0.00014668166941756098
1683	0.00024668817999331486
1684	0.000334361900563238
1685	0.00014668166941756098
1686	0.00024668817999331486
1687	0.0006977395396473621
1688	0.00014668166941756098
1689	0.00024668817999331486
1690	0.000334361900563238
1691	0.000334361900563238
1692	0.00024668817999331486
1693	0.00014668166941756098
1694	0.00014668166941756098
1695	0.00014668166941756098
1696	0.00014668166941756098
1697	0.00014668166941756098
1698	0.000334361900563238
1699	0.00024668817999331486
1700	0.00024668817999331486
1701	0.0008859727368614708
1702	0.000334361900563238
1703	0.00014668166941756098
1704	0.000334361900563238
1705	0.0004904597217037522
1706	0.000334361900563238
1707	0.00024668817999331486
1708	0.00014668166941756098
1709	0.00014668166941756098
1710	0.00014668166941756098
1711	0.00014668166941756098
1712	0.00024668817999331486
1713	0.00014668166941756098
1714	0.00014668166941756098
1715	0.0007621803119107128
1716	0.00041487841248368315
1717	0.00024668817999331486
1718	0.00014668166941756098
1719	0.00014668166941756098
1720	0.00014668166941756098
1721	0.00014668166941756098
1722	0.00024668817999331486
1723	0.0008248516436140394
1724	0.00024668817999331486
1725	0.0004904597217037522
1726	0.000334361900563238
1727	0.0005623274471620916
1728	0.00014668166941756098
1729	0.000334361900563238
1730	0.00024668817999331486
1731	0.0004904597217037522
1732	0.00014668166941756098
1733	0.00014668166941756098
1734	0.00024668817999331486
1735	0.00024668817999331486
1736	0.000334361900563238
1737	0.00014668166941756098
1738	0.00024668817999331486
1739	0.00014668166941756098
1740	0.000334361900563238
1741	0.00014668166941756098
1742	0.000334361900563238
1743	0.00014668166941756098
1744	0.00014668166941756098
1745	0.00024668817999331486
1746	0.0006977395396473621
1747	0.00024668817999331486
1748	0.00024668817999331486
1749	0.00014668166941756098
1750	0.00014668166941756098
1751	0.000334361900563238
1752	0.002110701784822687
1753	0.0009457182690347508
1754	0.000334361900563238
1755	0.00024668817999331486
1756	0.00014668166941756098
1757	0.0009457182690347508
1758	0.000334361900563238
1759	0.000334361900563238
1760	0.000334361900563238
1761	0.000334361900563238
1762	0.000334361900563238
1763	0.00014668166941756098
1764	0.00014668166941756098
1765	0.00014668166941756098
1766	0.00014668166941756098
1767	0.00014668166941756098
1768	0.00014668166941756098
1769	0.00014668166941756098
1770	0.00014668166941756098
1771	0.00014668166941756098
1772	0.00041487841248368315
1773	0.00014668166941756098
1774	0.00014668166941756098
1775	0.0006977395396473621
1776	0.00024668817999331486
1777	0.00024668817999331486
1778	0.00024668817999331486
1779	0.000334361900563238
1780	0.00041487841248368315
1781	0.0004904597217037522
1782	0.0008248516436140394
1783	0.000334361900563238
1784	0.00014668166941756098
1785	0.000334361900563238
1786	0.00014668166941756098
1787	0.00014668166941756098
1788	0.00014668166941756098
1789	0.00014668166941756098
1790	0.00014668166941756098
1791	0.00014668166941756098
1792	0.00014668166941756098
1793	0.000334361900563238
1794	0.0004904597217037522
1795	0.0006312470682912119
1796	0.00024668817999331486
1797	0.00014668166941756098
1798	0.00024668817999331486
1799	0.00014668166941756098
1800	0.00024668817999331486
1801	0.00014668166941756098
1802	0.00024668817999331486
1803	0.00014668166941756098
1804	0.000334361900563238
1805	0.00014668166941756098
1806	0.00014668166941756098
1807	0.000334361900563238
1808	0.00024668817999331486
1809	0.0004904597217037522
1810	0.00024668817999331486
1811	0.00024668817999331486
1812	0.00024668817999331486
1813	0.00014668166941756098
1814	0.00014668166941756098
1815	0.00014668166941756098
1816	0.00014668166941756098
1817	0.00041487841248368315
1818	0.00024668817999331486
1819	0.0004904597217037522
1820	0.00024668817999331486
1821	0.00024668817999331486
1822	0.00014668166941756098
1823	0.00014668166941756098
1824	0.00014668166941756098
1825	0.00014668166941756098
1826	0.00024668817999331486
1827	0.00024668817999331486
1828	0.000334361900563238
1829	0.00041487841248368315
1830	0.00024668817999331486
1831	0.00024668817999331486
1832	0.00014668166941756098
1833	0.00024668817999331486
1834	0.00014668166941756098
1835	0.00014668166941756098
1836	0.00024668817999331486
1837	0.000334361900563238
1838	0.0018330501316706955
1839	0.000334361900563238
1840	0.0005623274471620916
1841	0.0012818293841253526
1842	0.000334361900563238
1843	0.0005623274471620916
1844	0.00014668166941756098
1845	0.000334361900563238
1846	0.00014668166941756098
1847	0.00024668817999331486
1848	0.00024668817999331486
1849	0.00024668817999331486
1850	0.000334361900563238
1851	0.000334361900563238
1852	0.00024668817999331486
1853	0.00014668166941756098
1854	0.00041487841248368315
1855	0.000334361900563238
1856	0.00014668166941756098
1857	0.00014668166941756098
1858	0.00014668166941756098
1859	0.00041487841248368315
1860	0.00014668166941756098
1861	0.0008859727368614708
1862	0.000334361900563238
1863	0.00014668166941756098
1864	0.00014668166941756098
1865	0.00014668166941756098
1866	0.00014668166941756098
1867	0.00014668166941756098
1868	0.00041487841248368315
1869	0.00024668817999331486
1870	0.00014668166941756098
1871	0.000334361900563238
1872	0.00024668817999331486
1873	0.00024668817999331486
1874	0.00014668166941756098
1875	0.00024668817999331486
1876	0.000334361900563238
1877	0.00024668817999331486
1878	0.00024668817999331486
1879	0.00014668166941756098
1880	0.00041487841248368315
1881	0.000334361900563238
1882	0.000334361900563238
1883	0.0012818293841253526
1884	0.00041487841248368315
1885	0.00014668166941756098
1886	0.00014668166941756098
1887	0.00014668166941756098
1888	0.00014668166941756098
1889	0.00014668166941756098
1890	0.00041487841248368315
1891	0.000334361900563238
1892	0.000334361900563238
1893	0.00014668166941756098
1894	0.00024668817999331486
1895	0.00014668166941756098
1896	0.00024668817999331486
1897	0.000334361900563238
1898	0.00014668166941756098
1899	0.00014668166941756098
1900	0.00014668166941756098
1901	0.00014668166941756098
1902	0.0006977395396473621
1903	0.00014668166941756098
1904	0.00014668166941756098
1905	0.00041487841248368315
1906	0.00014668166941756098
1907	0.00014668166941756098
1908	0.000334361900563238
1909	0.000334361900563238
1910	0.0008859727368614708
1911	0.00014668166941756098
1912	0.00014668166941756098
1913	0.00024668817999331486
1914	0.00024668817999331486
1915	0.00024668817999331486
1916	0.0006977395396473621
1917	0.0009457182690347508
1918	0.000334361900563238
1919	0.00024668817999331486
1920	0.00014668166941756098
1921	0.00014668166941756098
1922	0.00014668166941756098
1923	0.00014668166941756098
1924	0.00014668166941756098
1925	0.00014668166941756098
1926	0.00014668166941756098
1927	0.00014668166941756098
1928	0.00014668166941756098
1929	0.00014668166941756098
1930	0.0006312470682912119
1931	0.00024668817999331486
1932	0.00024668817999331486
1933	0.000334361900563238
1934	0.000334361900563238
1935	0.00014668166941756098
1936	0.00014668166941756098
1937	0.0006977395396473621
1938	0.00014668166941756098
1939	0.00024668817999331486
1940	0.00041487841248368315
1941	0.00024668817999331486
1942	0.00024668817999331486
1943	0.00024668817999331486
1944	0.00041487841248368315
1945	0.00014668166941756098
1946	0.00024668817999331486
1947	0.00014668166941756098
1948	0.00014668166941756098
1949	0.00014668166941756098
1950	0.00024668817999331486
1951	0.00024668817999331486
1952	0.00024668817999331486
1953	0.00014668166941756098
1954	0.00014668166941756098
1955	0.00014668166941756098
1956	0.00024668817999331486
1957	0.00014668166941756098
1958	0.00014668166941756098
1959	0.00024668817999331486
1960	0.00024668817999331486
1961	0.0014389321468518319
1962	0.00122804006271824
1963	0.000334361900563238
1964	0.0004904597217037522
1965	0.000334361900563238
1966	0.00014668166941756098
1967	0.00014668166941756098
1968	0.00014668166941756098
1969	0.00014668166941756098
1970	0.00014668166941756098
1971	0.00024668817999331486
1972	0.000334361900563238
1973	0.00024668817999331486
1974	0.00014668166941756098
1975	0.00014668166941756098
1976	0.00024668817999331486
1977	0.00014668166941756098
1978	0.0006312470682912119
1979	0.00014668166941756098
1980	0.00014668166941756098
1981	0.00014668166941756098
1982	0.00024668817999331486
1983	0.00014668166941756098
1984	0.00014668166941756098
1985	0.00014668166941756098
1986	0.00024668817999331486
1987	0.00014668166941756098
1988	0.00014668166941756098
1989	0.00024668817999331486
1990	0.00024668817999331486
1991	0.00014668166941756098
1992	0.00014668166941756098
1993	0.00014668166941756098
1994	0.00014668166941756098
1995	0.00024668817999331486
1996	0.00024668817999331486
1997	0.00014668166941756098
1998	0.00024668817999331486
1999	0.000334361900563238
2000	0.000334361900563238
2001	0.00014668166941756098
2002	0.00041487841248368315
2003	0.00014668166941756098
2004	0.00014668166941756098
2005	0.000334361900563238
2006	0.000334361900563238
2007	0.00024668817999331486
2008	0.000334361900563238
2009	0.00024668817999331486
2010	0.00024668817999331486
2011	0.00024668817999331486
2012	0.00014668166941756098
2013	0.00024668817999331486
2014	0.00014668166941756098
2015	0.00024668817999331486
2016	0.00024668817999331486
2017	0.000334361900563238
2018	0.00014668166941756098
2019	0.00014668166941756098
2020	0.00014668166941756098
2021	0.00024668817999331486
2022	0.00014668166941756098
2023	0.00024668817999331486
2024	0.00024668817999331486
2025	0.00014668166941756098
2026	0.00024668817999331486
2027	0.00014668166941756098
2028	0.00041487841248368315
2029	0.000334361900563238
2030	0.00014668166941756098
2031	0.00024668817999331486
2032	0.00014668166941756098
2033	0.00024668817999331486
2034	0.00024668817999331486
2035	0.0004904597217037522
2036	0.00014668166941756098
2037	0.00024668817999331486
2038	0.00014668166941756098
2039	0.00014668166941756098
2040	0.00041487841248368315
2041	0.000334361900563238
2042	0.00024668817999331486
2043	0.00014668166941756098
2044	0.00014668166941756098
2045	0.000334361900563238
2046	0.00014668166941756098
2047	0.00014668166941756098
2048	0.00014668166941756098
2049	0.00024668817999331486
2050	0.000334361900563238
2051	0.000334361900563238
2052	0.00041487841248368315
2053	0.00014668166941756098
2054	0.00014668166941756098
2055	0.00014668166941756098
2056	0.00014668166941756098
2057	0.00024668817999331486
2058	0.000334361900563238
2059	0.00014668166941756098
2060	0.00041487841248368315
2061	0.00014668166941756098
2062	0.00024668817999331486
2063	0.00014668166941756098
2064	0.00014668166941756098
2065	0.00024668817999331486
2066	0.000334361900563238
2067	0.00014668166941756098
2068	0.0007621803119107128
2069	0.00024668817999331486
2070	0.00024668817999331486
2071	0.00024668817999331486
2072	0.00024668817999331486
2073	0.0008859727368614708
2074	0.00024668817999331486
2075	0.0006977395396473621
2076	0.00024668817999331486
2077	0.00014668166941756098
2078	0.00024668817999331486
2079	0.0005623274471620916
2080	0.00041487841248368315
2081	0.00014668166941756098
2082	0.00014668166941756098
2083	0.00014668166941756098
2084	0.00014668166941756098
2085	0.00024668817999331486
2086	0.00024668817999331486
2087	0.00014668166941756098
2088	0.000334361900563238
2089	0.0005623274471620916
2090	0.0004904597217037522
2091	0.00024668817999331486
2092	0.000334361900563238
2093	0.00041487841248368315
2094	0.0006312470682912119
2095	0.00024668817999331486
2096	0.00024668817999331486
2097	0.00014668166941756098
2098	0.00024668817999331486
2099	0.00024668817999331486
2100	0.00014668166941756098
2101	0.00014668166941756098
2102	0.00014668166941756098
2103	0.00014668166941756098
2104	0.00014668166941756098
2105	0.0006312470682912119
2106	0.00014668166941756098
2107	0.00024668817999331486
2108	0.00014668166941756098
2109	0.00014668166941756098
2110	0.00041487841248368315
2111	0.00014668166941756098
2112	0.00014668166941756098
2113	0.000334361900563238
2114	0.00041487841248368315
2115	0.00014668166941756098
2116	0.00014668166941756098
2117	0.00024668817999331486
2118	0.00014668166941756098
2119	0.00014668166941756098
2120	0.00014668166941756098
2121	0.00014668166941756098
2122	0.0008859727368614708
2123	0.0006312470682912119
2124	0.0004904597217037522
2125	0.00041487841248368315
2126	0.0005623274471620916
2127	0.00014668166941756098
2128	0.00014668166941756098
2129	0.00024668817999331486
2130	0.00014668166941756098
2131	0.00014668166941756098
2132	0.00014668166941756098
2133	0.000334361900563238
2134	0.00024668817999331486
2135	0.00024668817999331486
2136	0.00024668817999331486
2137	0.00024668817999331486
2138	0.00014668166941756098
2139	0.00041487841248368315
2140	0.00024668817999331486
2141	0.00014668166941756098
2142	0.00014668166941756098
2143	0.0005623274471620916
2144	0.00014668166941756098
2145	0.00014668166941756098
2146	0.00014668166941756098
2147	0.00014668166941756098
2148	0.00014668166941756098
2149	0.000334361900563238
2150	0.00024668817999331486
2151	0.00041487841248368315
2152	0.0004904597217037522
2153	0.00024668817999331486
2154	0.000334361900563238
2155	0.00014668166941756098
2156	0.000334361900563238
2157	0.00014668166941756098
2158	0.00014668166941756098
2159	0.00014668166941756098
2160	0.0004904597217037522
2161	0.000334361900563238
2162	0.00014668166941756098
2163	0.00041487841248368315
2164	0.00014668166941756098
2165	0.00014668166941756098
2166	0.00024668817999331486
2167	0.00024668817999331486
2168	0.00014668166941756098
2169	0.00024668817999331486
2170	0.000334361900563238
2171	0.00014668166941756098
2172	0.00024668817999331486
2173	0.00024668817999331486
2174	0.00041487841248368315
2175	0.00024668817999331486
2176	0.00014668166941756098
2177	0.00024668817999331486
2178	0.00014668166941756098
2179	0.00014668166941756098
2180	0.00014668166941756098
2181	0.00014668166941756098
2182	0.00014668166941756098
2183	0.00014668166941756098
2184	0.00014668166941756098
2185	0.00014668166941756098
2186	0.000334361900563238
2187	0.00014668166941756098
2188	0.00024668817999331486
2189	0.00041487841248368315
2190	0.00024668817999331486
2191	0.00024668817999331486
2192	0.0005623274471620916
2193	0.00014668166941756098
2194	0.00014668166941756098
2195	0.000334361900563238
2196	0.00024668817999331486
2197	0.00024668817999331486
2198	0.00014668166941756098
2199	0.00014668166941756098
2200	0.00014668166941756098
2201	0.00024668817999331486
2202	0.00014668166941756098
2203	0.00014668166941756098
2204	0.00024668817999331486
2205	0.0004904597217037522
2206	0.00024668817999331486
2207	0.00014668166941756098
2208	0.00014668166941756098
2209	0.00014668166941756098
2210	0.000334361900563238
2211	0.00014668166941756098
2212	0.00024668817999331486
2213	0.00014668166941756098
2214	0.00024668817999331486
2215	0.00014668166941756098
2216	0.00014668166941756098
2217	0.00014668166941756098
2218	0.00014668166941756098
2219	0.00014668166941756098
2220	0.000334361900563238
2221	0.00014668166941756098
2222	0.00014668166941756098
2223	0.000334361900563238
2224	0.00024668817999331486
2225	0.00014668166941756098
2226	0.00014668166941756098
2227	0.00014668166941756098
2228	0.00014668166941756098
2229	0.00014668166941756098
2230	0.00014668166941756098
2231	0.00014668166941756098
2232	0.00014668166941756098
2233	0.00014668166941756098
2234	0.00014668166941756098
2235	0.00014668166941756098
2236	0.00014668166941756098
2237	0.00014668166941756098
2238	0.000334361900563238
2239	0.00014668166941756098
2240	0.00024668817999331486
2241	0.00024668817999331486
2242	0.00014668166941756098
2243	0.00024668817999331486
2244	0.00024668817999331486
2245	0.00014668166941756098
2246	0.00014668166941756098
2247	0.00014668166941756098
2248	0.00014668166941756098
2249	0.00014668166941756098
2250	0.00014668166941756098
2251	0.00024668817999331486
2252	0.00014668166941756098
2253	0.00014668166941756098
2254	0.00014668166941756098
2255	0.00024668817999331486
2256	0.00024668817999331486
2257	0.00014668166941756098
2258	0.00014668166941756098
2259	0.00014668166941756098
2260	0.00014668166941756098
2261	0.000334361900563238
2262	0.0004904597217037522
2263	0.00024668817999331486
2264	0.0005623274471620916
2265	0.00014668166941756098
2266	0.00024668817999331486
2267	0.00014668166941756098
2268	0.00014668166941756098
2269	0.00024668817999331486
2270	0.00014668166941756098
2271	0.000334361900563238
2272	0.0006312470682912119
2273	0.00014668166941756098
2274	0.00024668817999331486
2275	0.0006977395396473621
2276	0.00024668817999331486
2277	0.000334361900563238
2278	0.00014668166941756098
2279	0.00014668166941756098
2280	0.00024668817999331486
2281	0.00122804006271824
2282	0.00024668817999331486
2283	0.00024668817999331486
2284	0.0009457182690347508
2285	0.00014668166941756098
2286	0.00014668166941756098
2287	0.000334361900563238
2288	0.00014668166941756098
2289	0.00014668166941756098
2290	0.00024668817999331486
2291	0.00014668166941756098
2292	0.00014668166941756098
2293	0.000334361900563238
2294	0.00014668166941756098
2295	0.00014668166941756098
2296	0.000334361900563238
2297	0.0006312470682912119
2298	0.000334361900563238
2299	0.00014668166941756098
2300	0.00024668817999331486
2301	0.00014668166941756098
2302	0.00014668166941756098
2303	0.00014668166941756098
2304	0.00014668166941756098
2305	0.0005623274471620916
2306	0.00024668817999331486
2307	0.0006977395396473621
2308	0.00014668166941756098
2309	0.000334361900563238
2310	0.0006312470682912119
2311	0.00014668166941756098
2312	0.0005623274471620916
2313	0.00024668817999331486
2314	0.00014668166941756098
2315	0.00014668166941756098
2316	0.000334361900563238
2317	0.000334361900563238
2318	0.00014668166941756098
2319	0.00014668166941756098
2320	0.000334361900563238
2321	0.00014668166941756098
2322	0.00014668166941756098
2323	0.00024668817999331486
2324	0.00014668166941756098
2325	0.000334361900563238
2326	0.00014668166941756098
2327	0.00024668817999331486
2328	0.00024668817999331486
2329	0.00024668817999331486
2330	0.00014668166941756098
2331	0.00014668166941756098
2332	0.0005623274471620916
2333	0.00014668166941756098
2334	0.00014668166941756098
2335	0.0006312470682912119
2336	0.00024668817999331486
2337	0.00014668166941756098
2338	0.00041487841248368315
2339	0.00024668817999331486
2340	0.0015405355372897823
2341	0.00014668166941756098
2342	0.000334361900563238
2343	0.000334361900563238
2344	0.0011180063967757795
2345	0.00024668817999331486
2346	0.00014668166941756098
2347	0.00041487841248368315
2348	0.00041487841248368315
2349	0.00024668817999331486
2350	0.00014668166941756098
2351	0.00041487841248368315
2352	0.00024668817999331486
2353	0.00024668817999331486
2354	0.00024668817999331486
2355	0.000334361900563238
2356	0.000334361900563238
2357	0.000334361900563238
2358	0.00014668166941756098
2359	0.000334361900563238
2360	0.00024668817999331486
2361	0.00024668817999331486
2362	0.00024668817999331486
2363	0.00024668817999331486
2364	0.00041487841248368315
2365	0.00014668166941756098
2366	0.00014668166941756098
2367	0.00014668166941756098
2368	0.00024668817999331486
2369	0.00014668166941756098
2370	0.00014668166941756098
2371	0.00024668817999331486
2372	0.00014668166941756098
2373	0.00014668166941756098
2374	0.00024668817999331486
2375	0.00024668817999331486
2376	0.00024668817999331486
2377	0.00024668817999331486
2378	0.00041487841248368315
2379	0.000334361900563238
2380	0.00014668166941756098
2381	0.0005623274471620916
2382	0.00024668817999331486
2383	0.000334361900563238
2384	0.00014668166941756098
2385	0.00014668166941756098
2386	0.00014668166941756098
2387	0.00014668166941756098
2388	0.000334361900563238
2389	0.00024668817999331486
2390	0.00024668817999331486
2391	0.0004904597217037522
2392	0.000334361900563238
2393	0.00024668817999331486
2394	0.0004904597217037522
2395	0.000334361900563238
2396	0.00024668817999331486
2397	0.00024668817999331486
2398	0.00024668817999331486
2399	0.00024668817999331486
2400	0.000334361900563238
2401	0.00014668166941756098
2402	0.00014668166941756098
2403	0.00014668166941756098
2404	0.00014668166941756098
2405	0.00014668166941756098
2406	0.00014668166941756098
2407	0.00024668817999331486
2408	0.00024668817999331486
2409	0.00014668166941756098
2410	0.00024668817999331486
2411	0.00014668166941756098
2412	0.00041487841248368315
2413	0.0011734533553404878
2414	0.00014668166941756098
2415	0.00041487841248368315
2416	0.0006312470682912119
2417	0.0011734533553404878
2418	0.000334361900563238
2419	0.00024668817999331486
2420	0.000334361900563238
2421	0.00014668166941756098
2422	0.00024668817999331486
2423	0.00024668817999331486
2424	0.000334361900563238
2425	0.00024668817999331486
2426	0.00014668166941756098
2427	0.0006312470682912119
2428	0.000334361900563238
2429	0.00024668817999331486
2430	0.00014668166941756098
2431	0.00014668166941756098
2432	0.00024668817999331486
2433	0.00014668166941756098
2434	0.00024668817999331486
2435	0.00014668166941756098
2436	0.000334361900563238
2437	0.00024668817999331486
2438	0.00024668817999331486
2439	0.00024668817999331486
2440	0.00014668166941756098
2441	0.00014668166941756098
2442	0.00014668166941756098
2443	0.00014668166941756098
2444	0.00014668166941756098
2445	0.00014668166941756098
2446	0.000334361900563238
2447	0.00014668166941756098
2448	0.00024668817999331486
2449	0.000334361900563238
2450	0.00024668817999331486
2451	0.00024668817999331486
2452	0.00014668166941756098
2453	0.00024668817999331486
2454	0.000334361900563238
2455	0.00014668166941756098
2456	0.00014668166941756098
2457	0.00014668166941756098
2458	0.000334361900563238
2459	0.00024668817999331486
2460	0.00014668166941756098
2461	0.00014668166941756098
2462	0.00014668166941756098
2463	0.00014668166941756098
2464	0.00014668166941756098
2465	0.00014668166941756098
2466	0.00014668166941756098
2467	0.00041487841248368315
2468	0.00014668166941756098
2469	0.0005623274471620916
2470	0.0005623274471620916
2471	0.000334361900563238
2472	0.00041487841248368315
2473	0.00024668817999331486
2474	0.00014668166941756098
2475	0.00014668166941756098
2476	0.00041487841248368315
2477	0.00014668166941756098
2478	0.00014668166941756098
2479	0.00024668817999331486
2480	0.00014668166941756098
2481	0.00014668166941756098
2482	0.00014668166941756098
2483	0.00014668166941756098
2484	0.00024668817999331486
2485	0.00024668817999331486
2486	0.00024668817999331486
2487	0.00014668166941756098
2488	0.00014668166941756098
2489	0.00014668166941756098
2490	0.00024668817999331486
2491	0.00014668166941756098
2492	0.00014668166941756098
2493	0.00014668166941756098
2494	0.000334361900563238
2495	0.00024668817999331486
2496	0.00024668817999331486
2497	0.00014668166941756098
2498	0.00014668166941756098
2499	0.00041487841248368315
2500	0.00014668166941756098
2501	0.00014668166941756098
2502	0.00024668817999331486
2503	0.00014668166941756098
2504	0.00014668166941756098
2505	0.000334361900563238
2506	0.000334361900563238
2507	0.00014668166941756098
2508	0.00014668166941756098
2509	0.0005623274471620916
2510	0.00014668166941756098
2511	0.00014668166941756098
2512	0.00024668817999331486
2513	0.00024668817999331486
2514	0.00024668817999331486
2515	0.00014668166941756098
2516	0.00014668166941756098
2517	0.00014668166941756098
2518	0.00014668166941756098
2519	0.00014668166941756098
2520	0.00014668166941756098
2521	0.00041487841248368315
2522	0.00024668817999331486
2523	0.00024668817999331486
2524	0.00014668166941756098
2525	0.00014668166941756098
2526	0.00014668166941756098
2527	0.0018802551425589498
2528	0.0004904597217037522
2529	0.00014668166941756098
2530	0.00024668817999331486
2531	0.00014668166941756098
2532	0.00014668166941756098
2533	0.000334361900563238
2534	0.00024668817999331486
2535	0.00014668166941756098
2536	0.00024668817999331486
2537	0.00014668166941756098
2538	0.00024668817999331486
2539	0.00014668166941756098
2540	0.00014668166941756098
2541	0.00014668166941756098
2542	0.00014668166941756098
2543	0.00014668166941756098
2544	0.00041487841248368315
2545	0.00024668817999331486
2546	0.000334361900563238
2547	0.00024668817999331486
2548	0.00024668817999331486
2549	0.00014668166941756098
2550	0.00014668166941756098
2551	0.00024668817999331486
2552	0.000334361900563238
2553	0.00014668166941756098
2554	0.00014668166941756098
2555	0.00014668166941756098
2556	0.00024668817999331486
2557	0.00014668166941756098
2558	0.00024668817999331486
2559	0.000334361900563238
2560	0.00024668817999331486
2561	0.00014668166941756098
2562	0.00014668166941756098
2563	0.00014668166941756098
2564	0.00024668817999331486
2565	0.00024668817999331486
2566	0.00014668166941756098
2567	0.00014668166941756098
2568	0.00014668166941756098
2569	0.00014668166941756098
2570	0.00014668166941756098
2571	0.00014668166941756098
2572	0.00014668166941756098
2573	0.00024668817999331486
2574	0.00014668166941756098
2575	0.00014668166941756098
2576	0.000334361900563238
2577	0.00014668166941756098
2578	0.00014668166941756098
2579	0.00014668166941756098
2580	0.00024668817999331486
2581	0.00014668166941756098
2582	0.00014668166941756098
2583	0.00024668817999331486
2584	0.00024668817999331486
2585	0.00024668817999331486
2586	0.00024668817999331486
2587	0.0008859727368614708
2588	0.00024668817999331486
2589	0.00014668166941756098
2590	0.00014668166941756098
2591	0.00014668166941756098
2592	0.00014668166941756098
2593	0.00014668166941756098
2594	0.00024668817999331486
2595	0.000334361900563238
2596	0.00014668166941756098
2597	0.00024668817999331486
2598	0.000334361900563238
2599	0.00024668817999331486
2600	0.00024668817999331486
2601	0.00014668166941756098
2602	0.00024668817999331486
2603	0.00024668817999331486
2604	0.00014668166941756098
2605	0.00014668166941756098
2606	0.00014668166941756098
2607	0.00014668166941756098
2608	0.00014668166941756098
2609	0.00014668166941756098
2610	0.00024668817999331486
2611	0.0004904597217037522
2612	0.00041487841248368315
2613	0.00014668166941756098
2614	0.00014668166941756098
2615	0.00014668166941756098
2616	0.00014668166941756098
2617	0.00014668166941756098
2618	0.00014668166941756098
2619	0.00024668817999331486
2620	0.00014668166941756098
2621	0.00014668166941756098
2622	0.00014668166941756098
2623	0.00014668166941756098
2624	0.00014668166941756098
2625	0.00024668817999331486
2626	0.00024668817999331486
2627	0.00024668817999331486
2628	0.00024668817999331486
2629	0.00014668166941756098
2630	0.00041487841248368315
2631	0.0004904597217037522
2632	0.00041487841248368315
2633	0.00014668166941756098
2634	0.000334361900563238
2635	0.00014668166941756098
2636	0.00014668166941756098
2637	0.00024668817999331486
2638	0.00014668166941756098
2639	0.00024668817999331486
2640	0.00014668166941756098
2641	0.000334361900563238
2642	0.000334361900563238
2643	0.000334361900563238
2644	0.00024668817999331486
2645	0.00024668817999331486
2646	0.00024668817999331486
2647	0.000334361900563238
2648	0.00014668166941756098
2649	0.00024668817999331486
2650	0.0004904597217037522
2651	0.000334361900563238
2652	0.0004904597217037522
2653	0.00024668817999331486
2654	0.00024668817999331486
2655	0.00014668166941756098
2656	0.00014668166941756098
2657	0.00014668166941756098
2658	0.00014668166941756098
2659	0.00024668817999331486
2660	0.00024668817999331486
2661	0.00014668166941756098
2662	0.00014668166941756098
2663	0.0004904597217037522
2664	0.000334361900563238
2665	0.00014668166941756098
2666	0.00024668817999331486
2667	0.00014668166941756098
2668	0.00014668166941756098
2669	0.0004904597217037522
2670	0.00024668817999331486
2671	0.00024668817999331486
2672	0.000334361900563238
2673	0.00024668817999331486
2674	0.00014668166941756098
2675	0.0004904597217037522
2676	0.00014668166941756098
2677	0.00014668166941756098
2678	0.00014668166941756098
2679	0.00014668166941756098
2680	0.00024668817999331486
2681	0.00024668817999331486
2682	0.00014668166941756098
2683	0.00014668166941756098
2684	0.00014668166941756098
2685	0.00014668166941756098
2686	0.00014668166941756098
2687	0.00014668166941756098
2688	0.00024668817999331486
2689	0.00014668166941756098
2690	0.00014668166941756098
2691	0.00014668166941756098
2692	0.00014668166941756098
2693	0.00014668166941756098
2694	0.0005623274471620916
2695	0.00014668166941756098
2696	0.000334361900563238
2697	0.000334361900563238
2698	0.00024668817999331486
2699	0.00014668166941756098
2700	0.00014668166941756098
2701	0.00014668166941756098
2702	0.00041487841248368315
2703	0.00041487841248368315
2704	0.00014668166941756098
2705	0.00014668166941756098
2706	0.00014668166941756098
2707	0.000334361900563238
2708	0.00014668166941756098
2709	0.00014668166941756098
2710	0.00014668166941756098
2711	0.00024668817999331486
2712	0.00014668166941756098
2713	0.00014668166941756098
2714	0.00014668166941756098
2715	0.00014668166941756098
2716	0.00024668817999331486
2717	0.00014668166941756098
2718	0.00014668166941756098
2719	0.00041487841248368315
2720	0.00014668166941756098
2721	0.00014668166941756098
2722	0.000334361900563238
2723	0.00014668166941756098
2724	0.00014668166941756098
2725	0.00041487841248368315
2726	0.000334361900563238
2727	0.00024668817999331486
2728	0.00014668166941756098
2729	0.00024668817999331486
2730	0.0006312470682912119
2731	0.00014668166941756098
2732	0.00014668166941756098
2733	0.00024668817999331486
2734	0.00014668166941756098
2735	0.000334361900563238
2736	0.00041487841248368315
2737	0.00024668817999331486
2738	0.00014668166941756098
2739	0.00024668817999331486
2740	0.00014668166941756098
2741	0.00014668166941756098
2742	0.00041487841248368315
2743	0.00024668817999331486
2744	0.00024668817999331486
2745	0.00024668817999331486
2746	0.00014668166941756098
2747	0.00041487841248368315
2748	0.00024668817999331486
2749	0.00014668166941756098
2750	0.0005623274471620916
2751	0.00014668166941756098
2752	0.00014668166941756098
2753	0.00014668166941756098
2754	0.00014668166941756098
2755	0.00014668166941756098
2756	0.000334361900563238
2757	0.00024668817999331486
2758	0.00014668166941756098
2759	0.00014668166941756098
2760	0.00024668817999331486
2761	0.00014668166941756098
2762	0.00014668166941756098
2763	0.00014668166941756098
2764	0.00024668817999331486
2765	0.00014668166941756098
2766	0.00014668166941756098
2767	0.00014668166941756098
2768	0.00014668166941756098
2769	0.0006312470682912119
2770	0.00014668166941756098
2771	0.00014668166941756098
2772	0.00024668817999331486
2773	0.00014668166941756098
2774	0.00024668817999331486
2775	0.00014668166941756098
2776	0.00014668166941756098
2777	0.00014668166941756098
2778	0.000334361900563238
2779	0.00014668166941756098
2780	0.00014668166941756098
2781	0.00024668817999331486
2782	0.00041487841248368315
2783	0.00014668166941756098
2784	0.00014668166941756098
2785	0.00014668166941756098
2786	0.00014668166941756098
2787	0.00014668166941756098
2788	0.00041487841248368315
2789	0.00014668166941756098
2790	0.00014668166941756098
2791	0.00014668166941756098
2792	0.00014668166941756098
2793	0.0004904597217037522
2794	0.00024668817999331486
2795	0.00014668166941756098
2796	0.00024668817999331486
2797	0.00041487841248368315
2798	0.00014668166941756098
2799	0.00014668166941756098
2800	0.0006312470682912119
2801	0.00024668817999331486
2802	0.00014668166941756098
2803	0.00014668166941756098
2804	0.00014668166941756098
2805	0.00014668166941756098
2806	0.00024668817999331486
2807	0.00024668817999331486
2808	0.00014668166941756098
2809	0.000334361900563238
2810	0.00041487841248368315
2811	0.0004904597217037522
2812	0.0004904597217037522
2813	0.00024668817999331486
2814	0.00014668166941756098
2815	0.00014668166941756098
2816	0.00024668817999331486
2817	0.00014668166941756098
2818	0.00014668166941756098
2819	0.00014668166941756098
2820	0.00024668817999331486
2821	0.00024668817999331486
2822	0.00024668817999331486
2823	0.00014668166941756098
2824	0.00014668166941756098
2825	0.00024668817999331486
2826	0.00014668166941756098
2827	0.000334361900563238
2828	0.00024668817999331486
2829	0.000334361900563238
2830	0.00014668166941756098
2831	0.00041487841248368315
2832	0.000334361900563238
2833	0.00014668166941756098
2834	0.00014668166941756098
2835	0.00014668166941756098
2836	0.00024668817999331486
2837	0.00014668166941756098
2838	0.00014668166941756098
2839	0.00024668817999331486
2840	0.000334361900563238
2841	0.000334361900563238
2842	0.00014668166941756098
2843	0.00014668166941756098
2844	0.00024668817999331486
2845	0.00014668166941756098
2846	0.00024668817999331486
2847	0.00024668817999331486
2848	0.00014668166941756098
2849	0.000334361900563238
2850	0.0004904597217037522
2851	0.00041487841248368315
2852	0.00014668166941756098
2853	0.00024668817999331486
2854	0.00024668817999331486
2855	0.00014668166941756098
2856	0.00024668817999331486
2857	0.00014668166941756098
2858	0.00014668166941756098
2859	0.0005623274471620916
2860	0.00014668166941756098
2861	0.00041487841248368315
2862	0.00014668166941756098
2863	0.0004904597217037522
2864	0.00014668166941756098
2865	0.00014668166941756098
2866	0.00014668166941756098
2867	0.00014668166941756098
2868	0.00122804006271824
2869	0.00024668817999331486
2870	0.00024668817999331486
2871	0.00014668166941756098
2872	0.00014668166941756098
2873	0.00014668166941756098
2874	0.00014668166941756098
2875	0.00014668166941756098
2876	0.00014668166941756098
2877	0.000334361900563238
2878	0.00024668817999331486
2879	0.0004904597217037522
2880	0.00014668166941756098
2881	0.00024668817999331486
2882	0.000334361900563238
2883	0.00041487841248368315
2884	0.00014668166941756098
2885	0.00014668166941756098
2886	0.00014668166941756098
2887	0.000334361900563238
2888	0.000334361900563238
2889	0.000334361900563238
2890	0.00024668817999331486
2891	0.00024668817999331486
2892	0.00014668166941756098
2893	0.00014668166941756098
2894	0.00024668817999331486
2895	0.0011180063967757795
2896	0.00014668166941756098
2897	0.000334361900563238
2898	0.00014668166941756098
2899	0.00024668817999331486
2900	0.00014668166941756098
2901	0.00024668817999331486
2902	0.00014668166941756098
2903	0.00024668817999331486
2904	0.00014668166941756098
2905	0.00014668166941756098
2906	0.0004904597217037522
2907	0.0004904597217037522
2908	0.0006312470682912119
2909	0.00014668166941756098
2910	0.00024668817999331486
2911	0.00014668166941756098
2912	0.00024668817999331486
2913	0.00014668166941756098
2914	0.00024668817999331486
2915	0.00024668817999331486
2916	0.00014668166941756098
2917	0.00014668166941756098
2918	0.00024668817999331486
2919	0.00014668166941756098
2920	0.00024668817999331486
2921	0.0004904597217037522
2922	0.00041487841248368315
2923	0.00014668166941756098
2924	0.00014668166941756098
2925	0.00014668166941756098
2926	0.00014668166941756098
2927	0.00014668166941756098
2928	0.00014668166941756098
2929	0.00024668817999331486
2930	0.00014668166941756098
2931	0.00024668817999331486
2932	0.00014668166941756098
2933	0.0004904597217037522
2934	0.0008859727368614708
2935	0.000334361900563238
2936	0.002799325989189416
2937	0.00014668166941756098
2938	0.00014668166941756098
2939	0.00014668166941756098
2940	0.00014668166941756098
2941	0.00014668166941756098
2942	0.00024668817999331486
2943	0.00014668166941756098
2944	0.00014668166941756098
2945	0.00014668166941756098
2946	0.00014668166941756098
2947	0.00014668166941756098
2948	0.00014668166941756098
2949	0.00014668166941756098
2950	0.00014668166941756098
2951	0.00014668166941756098
2952	0.00014668166941756098
2953	0.00024668817999331486
2954	0.00024668817999331486
2955	0.00024668817999331486
2956	0.00024668817999331486
2957	0.00041487841248368315
2958	0.0004904597217037522
2959	0.00024668817999331486
2960	0.00024668817999331486
2961	0.00014668166941756098
2962	0.000334361900563238
2963	0.00024668817999331486
2964	0.00014668166941756098
2965	0.00024668817999331486
2966	0.00014668166941756098
2967	0.00014668166941756098
2968	0.00014668166941756098
2969	0.00024668817999331486
2970	0.00024668817999331486
2971	0.00024668817999331486
2972	0.00014668166941756098
2973	0.0007621803119107128
2974	0.0004904597217037522
2975	0.0004904597217037522
2976	0.00014668166941756098
2977	0.00024668817999331486
2978	0.00014668166941756098
2979	0.000334361900563238
2980	0.00014668166941756098
2981	0.00024668817999331486
2982	0.00014668166941756098
2983	0.00014668166941756098
2984	0.00014668166941756098
2985	0.00014668166941756098
2986	0.00041487841248368315
2987	0.00041487841248368315
2988	0.00014668166941756098
2989	0.0009457182690347508
2990	0.00041487841248368315
2991	0.000334361900563238
2992	0.00014668166941756098
2993	0.000334361900563238
2994	0.000334361900563238
2995	0.00041487841248368315
2996	0.00014668166941756098
2997	0.00014668166941756098
2998	0.00041487841248368315
2999	0.00014668166941756098
3000	0.0005623274471620916
3001	0.00014668166941756098
3002	0.00014668166941756098
3003	0.00024668817999331486
3004	0.00024668817999331486
3005	0.00014668166941756098
3006	0.00014668166941756098
3007	0.00014668166941756098
3008	0.00024668817999331486
3009	0.00014668166941756098
3010	0.00014668166941756098
3011	0.00014668166941756098
3012	0.00014668166941756098
3013	0.00014668166941756098
3014	0.00014668166941756098
3015	0.00014668166941756098
3016	0.00014668166941756098
3017	0.00014668166941756098
3018	0.00014668166941756098
3019	0.0006312470682912119
3020	0.0004904597217037522
3021	0.00014668166941756098
3022	0.000334361900563238
3023	0.000334361900563238
3024	0.000334361900563238
3025	0.00024668817999331486
3026	0.00024668817999331486
3027	0.00024668817999331486
3028	0.00014668166941756098
3029	0.00014668166941756098
3030	0.00014668166941756098
3031	0.00024668817999331486
3032	0.00024668817999331486
3033	0.00024668817999331486
3034	0.00014668166941756098
3035	0.00014668166941756098
3036	0.00014668166941756098
3037	0.000334361900563238
3038	0.00024668817999331486
3039	0.0009457182690347508
3040	0.000334361900563238
3041	0.00014668166941756098
3042	0.00014668166941756098
3043	0.00024668817999331486
3044	0.000334361900563238
3045	0.0007621803119107128
3046	0.00024668817999331486
3047	0.00041487841248368315
3048	0.00014668166941756098
3049	0.00014668166941756098
3050	0.00014668166941756098
3051	0.00024668817999331486
3052	0.00014668166941756098
3053	0.00041487841248368315
3054	0.00024668817999331486
3055	0.00041487841248368315
3056	0.00024668817999331486
3057	0.000334361900563238
3058	0.000334361900563238
3059	0.00024668817999331486
3060	0.00014668166941756098
3061	0.00014668166941756098
3062	0.00014668166941756098
3063	0.00014668166941756098
3064	0.00024668817999331486
3065	0.00014668166941756098
3066	0.00014668166941756098
3067	0.00024668817999331486
3068	0.00014668166941756098
3069	0.00014668166941756098
3070	0.00014668166941756098
3071	0.00014668166941756098
3072	0.000334361900563238
3073	0.00024668817999331486
3074	0.00014668166941756098
3075	0.00024668817999331486
3076	0.00024668817999331486
3077	0.00024668817999331486
3078	0.00014668166941756098
3079	0.00014668166941756098
3080	0.00014668166941756098
3081	0.00014668166941756098
3082	0.00024668817999331486
3083	0.00014668166941756098
3084	0.00024668817999331486
3085	0.00024668817999331486
3086	0.00024668817999331486
3087	0.00024668817999331486
3088	0.00014668166941756098
3089	0.00014668166941756098
3090	0.00024668817999331486
3091	0.000334361900563238
3092	0.00014668166941756098
3093	0.00014668166941756098
3094	0.00014668166941756098
3095	0.000334361900563238
3096	0.00014668166941756098
3097	0.00024668817999331486
3098	0.00014668166941756098
3099	0.00024668817999331486
3100	0.00014668166941756098
3101	0.00014668166941756098
3102	0.00024668817999331486
3103	0.00024668817999331486
3104	0.000334361900563238
3105	0.00014668166941756098
3106	0.00024668817999331486
3107	0.00014668166941756098
3108	0.00014668166941756098
3109	0.00014668166941756098
3110	0.00014668166941756098
3111	0.00014668166941756098
3112	0.000334361900563238
3113	0.00014668166941756098
3114	0.00024668817999331486
3115	0.00024668817999331486
3116	0.00014668166941756098
3117	0.00024668817999331486
3118	0.0011734533553404878
3119	0.00014668166941756098
3120	0.0009457182690347508
3121	0.00024668817999331486
3122	0.00014668166941756098
3123	0.000334361900563238
3124	0.0004904597217037522
3125	0.00041487841248368315
3126	0.00024668817999331486
3127	0.00014668166941756098
3128	0.0008859727368614708
3129	0.00014668166941756098
3130	0.000334361900563238
3131	0.00024668817999331486
3132	0.00024668817999331486
3133	0.00014668166941756098
3134	0.000334361900563238
3135	0.00014668166941756098
3136	0.00014668166941756098
3137	0.00014668166941756098
3138	0.00014668166941756098
3139	0.00014668166941756098
3140	0.000334361900563238
3141	0.00014668166941756098
3142	0.00014668166941756098
3143	0.00014668166941756098
3144	0.00014668166941756098
3145	0.00014668166941756098
3146	0.00014668166941756098
3147	0.00024668817999331486
3148	0.00024668817999331486
3149	0.00014668166941756098
3150	0.00024668817999331486
3151	0.00014668166941756098
3152	0.00014668166941756098
3153	0.00014668166941756098
3154	0.00014668166941756098
3155	0.00024668817999331486
3156	0.00014668166941756098
3157	0.00014668166941756098
3158	0.00014668166941756098
3159	0.00014668166941756098
3160	0.00014668166941756098
3161	0.0005623274471620916
3162	0.00014668166941756098
3163	0.00014668166941756098
3164	0.00014668166941756098
3165	0.00014668166941756098
3166	0.00014668166941756098
3167	0.00024668817999331486
3168	0.00014668166941756098
3169	0.00014668166941756098
3170	0.00014668166941756098
3171	0.000334361900563238
3172	0.00014668166941756098
3173	0.00014668166941756098
3174	0.00014668166941756098
3175	0.00014668166941756098
3176	0.00014668166941756098
3177	0.0004904597217037522
3178	0.00014668166941756098
3179	0.00014668166941756098
3180	0.00014668166941756098
3181	0.00014668166941756098
3182	0.0004904597217037522
3183	0.00024668817999331486
3184	0.00014668166941756098
3185	0.000334361900563238
3186	0.00014668166941756098
3187	0.00024668817999331486
3188	0.00014668166941756098
3189	0.00014668166941756098
3190	0.00024668817999331486
3191	0.00014668166941756098
3192	0.00014668166941756098
3193	0.00024668817999331486
3194	0.00014668166941756098
3195	0.00014668166941756098
3196	0.0005623274471620916
3197	0.00041487841248368315
3198	0.00014668166941756098
3199	0.00014668166941756098
3200	0.00024668817999331486
3201	0.00014668166941756098
3202	0.00014668166941756098
3203	0.0004904597217037522
3204	0.00041487841248368315
3205	0.00014668166941756098
3206	0.00014668166941756098
3207	0.00014668166941756098
3208	0.00014668166941756098
3209	0.00024668817999331486
3210	0.00014668166941756098
3211	0.00014668166941756098
3212	0.00014668166941756098
3213	0.00014668166941756098
3214	0.00014668166941756098
3215	0.00014668166941756098
3216	0.00014668166941756098
3217	0.00014668166941756098
3218	0.00014668166941756098
3219	0.00014668166941756098
3220	0.00014668166941756098
3221	0.00024668817999331486
3222	0.00014668166941756098
3223	0.00014668166941756098
3224	0.00014668166941756098
3225	0.00014668166941756098
3226	0.000334361900563238
3227	0.00014668166941756098
3228	0.00024668817999331486
3229	0.00024668817999331486
3230	0.00024668817999331486
3231	0.00024668817999331486
3232	0.00014668166941756098
3233	0.00014668166941756098
3234	0.00024668817999331486
3235	0.000334361900563238
3236	0.00041487841248368315
3237	0.00014668166941756098
3238	0.00014668166941756098
3239	0.00014668166941756098
3240	0.00014668166941756098
3241	0.00024668817999331486
3242	0.00024668817999331486
3243	0.00014668166941756098
3244	0.00014668166941756098
3245	0.00014668166941756098
3246	0.00014668166941756098
3247	0.00024668817999331486
3248	0.000334361900563238
3249	0.000334361900563238
3250	0.00014668166941756098
3251	0.00014668166941756098
3252	0.00024668817999331486
3253	0.00014668166941756098
3254	0.00014668166941756098
3255	0.00014668166941756098
3256	0.00014668166941756098
3257	0.00014668166941756098
3258	0.00024668817999331486
3259	0.00014668166941756098
3260	0.00014668166941756098
3261	0.00014668166941756098
3262	0.00014668166941756098
3263	0.00014668166941756098
3264	0.00014668166941756098
3265	0.00014668166941756098
3266	0.00024668817999331486
3267	0.000334361900563238
3268	0.00014668166941756098
3269	0.000334361900563238
3270	0.00014668166941756098
3271	0.00014668166941756098
3272	0.00014668166941756098
3273	0.00024668817999331486
3274	0.00014668166941756098
3275	0.00014668166941756098
3276	0.00014668166941756098
3277	0.00024668817999331486
3278	0.00014668166941756098
3279	0.00014668166941756098
3280	0.00024668817999331486
3281	0.0004904597217037522
3282	0.00014668166941756098
3283	0.00014668166941756098
3284	0.00014668166941756098
3285	0.00014668166941756098
3286	0.00014668166941756098
3287	0.00014668166941756098
3288	0.00014668166941756098
3289	0.00014668166941756098
3290	0.000334361900563238
3291	0.00014668166941756098
3292	0.00041487841248368315
3293	0.00014668166941756098
3294	0.00014668166941756098
3295	0.00014668166941756098
3296	0.00024668817999331486
3297	0.00014668166941756098
3298	0.00014668166941756098
3299	0.00014668166941756098
3300	0.00014668166941756098
3301	0.00014668166941756098
3302	0.00014668166941756098
3303	0.00014668166941756098
3304	0.00014668166941756098
3305	0.00014668166941756098
3306	0.00014668166941756098
3307	0.00024668817999331486
3308	0.00014668166941756098
3309	0.00014668166941756098
3310	0.00014668166941756098
3311	0.00014668166941756098
3312	0.00014668166941756098
3313	0.00014668166941756098
3314	0.000334361900563238
3315	0.0011180063967757795
3316	0.0006977395396473621
3317	0.00024668817999331486
3318	0.000334361900563238
3319	0.00014668166941756098
3320	0.00014668166941756098
3321	0.00041487841248368315
3322	0.00014668166941756098
3323	0.00014668166941756098
3324	0.00014668166941756098
3325	0.00014668166941756098
3326	0.00014668166941756098
