0	0.000986254174227849
1	0.00017538354910943241
2	0.00017538354910943241
3	0.0005864302405964455
4	0.000294958795481191
5	0.000294958795481191
6	0.00017538354910943241
7	0.00039978803786872594
8	0.0009113196536078647
9	0.000294958795481191
10	0.000294958795481191
11	0.000294958795481191
12	0.000294958795481191
13	0.000986254174227849
14	0.001059335114073627
15	0.0004960595875353742
16	0.00017538354910943241
17	0.00017538354910943241
18	0.00039978803786872594
19	0.0004960595875353742
20	0.000294958795481191
21	0.000294958795481191
22	0.00017538354910943241
23	0.00017538354910943241
24	0.00017538354910943241
25	0.000294958795481191
26	0.000294958795481191
27	0.000294958795481191
28	0.000294958795481191
29	0.0004960595875353742
30	0.000294958795481191
31	0.00039978803786872594
32	0.0004960595875353742
33	0.0008342694578214646
34	0.0005864302405964455
35	0.0004960595875353742
36	0.000294958795481191
37	0.000294958795481191
38	0.0004960595875353742
39	0.000986254174227849
40	0.0004960595875353742
41	0.0004960595875353742
42	0.000294958795481191
43	0.00039978803786872594
44	0.000294958795481191
45	0.000294958795481191
46	0.000294958795481191
47	0.00017538354910943241
48	0.000294958795481191
49	0.00017538354910943241
50	0.0006723606558102559
51	0.000294958795481191
52	0.0004960595875353742
53	0.00039978803786872594
54	0.00017538354910943241
55	0.00039978803786872594
56	0.000294958795481191
57	0.000294958795481191
58	0.00017538354910943241
59	0.0004960595875353742
60	0.00017538354910943241
61	0.0005864302405964455
62	0.00017538354910943241
63	0.00039978803786872594
64	0.00017538354910943241
65	0.00017538354910943241
66	0.0005864302405964455
67	0.000294958795481191
68	0.0006723606558102559
69	0.00017538354910943241
70	0.00017538354910943241
71	0.0005864302405964455
72	0.000294958795481191
73	0.0006723606558102559
74	0.0006723606558102559
75	0.00017538354910943241
76	0.00039978803786872594
77	0.00017538354910943241
78	0.000294958795481191
79	0.00039978803786872594
80	0.0006723606558102559
81	0.0006723606558102559
82	0.00017538354910943241
83	0.00017538354910943241
84	0.00017538354910943241
85	0.000294958795481191
86	0.00017538354910943241
87	0.00017538354910943241
88	0.00017538354910943241
89	0.000294958795481191
90	0.000294958795481191
91	0.00017538354910943241
92	0.00017538354910943241
93	0.00017538354910943241
94	0.00017538354910943241
95	0.00017538354910943241
96	0.000986254174227849
97	0.00017538354910943241
98	0.00039978803786872594
99	0.00039978803786872594
100	0.000294958795481191
101	0.00039978803786872594
102	0.00017538354910943241
103	0.00017538354910943241
104	0.00017538354910943241
105	0.000294958795481191
106	0.00039978803786872594
107	0.0004960595875353742
108	0.00039978803786872594
109	0.000294958795481191
110	0.000294958795481191
111	0.00017538354910943241
112	0.00017538354910943241
113	0.0004960595875353742
114	0.0004960595875353742
115	0.0008342694578214646
116	0.00039978803786872594
117	0.000294958795481191
118	0.00017538354910943241
119	0.00039978803786872594
120	0.000294958795481191
121	0.0004960595875353742
122	0.000294958795481191
123	0.00039978803786872594
124	0.0007547660975051771
125	0.000294958795481191
126	0.00017538354910943241
127	0.00017538354910943241
128	0.00017538354910943241
129	0.00017538354910943241
130	0.000294958795481191
131	0.00017538354910943241
132	0.00017538354910943241
133	0.00039978803786872594
134	0.00039978803786872594
135	0.00017538354910943241
136	0.0004960595875353742
137	0.000294958795481191
138	0.00017538354910943241
139	0.000294958795481191
140	0.0004960595875353742
141	0.0004960595875353742
142	0.00017538354910943241
143	0.00017538354910943241
144	0.00017538354910943241
145	0.000294958795481191
146	0.00017538354910943241
147	0.0005864302405964455
148	0.0007547660975051771
149	0.00039978803786872594
150	0.0006723606558102559
151	0.00039978803786872594
152	0.0005864302405964455
153	0.00039978803786872594
154	0.000294958795481191
155	0.00017538354910943241
156	0.000294958795481191
157	0.00039978803786872594
158	0.000294958795481191
159	0.0004960595875353742
160	0.00017538354910943241
161	0.00039978803786872594
162	0.0
163	0.0004960595875353742
164	0.0007547660975051771
165	0.0009113196536078647
166	0.000986254174227849
167	0.0004960595875353742
168	0.00017538354910943241
169	0.00017538354910943241
170	0.00039978803786872594
171	0.00039978803786872594
172	0.00039978803786872594
173	0.0004960595875353742
174	0.0006723606558102559
175	0.00017538354910943241
176	0.000294958795481191
177	0.00017538354910943241
178	0.00017538354910943241
179	0.00017538354910943241
180	0.000294958795481191
181	0.0006723606558102559
182	0.000294958795481191
183	0.00039978803786872594
184	0.00039978803786872594
185	0.0005864302405964455
186	0.00039978803786872594
187	0.000294958795481191
188	0.0008342694578214646
189	0.0004960595875353742
190	0.0006723606558102559
191	0.0005864302405964455
192	0.0004960595875353742
193	0.000294958795481191
194	0.00039978803786872594
195	0.0004960595875353742
196	0.00039978803786872594
197	0.0004960595875353742
198	0.000294958795481191
199	0.00017538354910943241
200	0.000294958795481191
201	0.0004960595875353742
202	0.00017538354910943241
203	0.00017538354910943241
204	0.00017538354910943241
205	0.000294958795481191
206	0.00017538354910943241
207	0.000294958795481191
208	0.00017538354910943241
209	0.00039978803786872594
210	0.00017538354910943241
211	0.00039978803786872594
212	0.0007547660975051771
213	0.0006723606558102559
214	0.000294958795481191
215	0.000294958795481191
216	0.00017538354910943241
217	0.000294958795481191
218	0.00017538354910943241
219	0.00039978803786872594
220	0.00039978803786872594
221	0.00017538354910943241
222	0.000294958795481191
223	0.0004960595875353742
224	0.00017538354910943241
225	0.000294958795481191
226	0.000294958795481191
227	0.000294958795481191
228	0.00017538354910943241
229	0.00017538354910943241
230	0.000294958795481191
231	0.00039978803786872594
232	0.00017538354910943241
233	0.00017538354910943241
234	0.000294958795481191
235	0.00017538354910943241
236	0.0004960595875353742
237	0.00017538354910943241
238	0.00017538354910943241
239	0.00017538354910943241
240	0.00017538354910943241
241	0.00017538354910943241
242	0.0005864302405964455
243	0.00039978803786872594
244	0.000294958795481191
245	0.00017538354910943241
246	0.000294958795481191
247	0.000294958795481191
248	0.000294958795481191
249	0.00017538354910943241
250	0.000294958795481191
251	0.000294958795481191
252	0.00017538354910943241
253	0.00017538354910943241
254	0.000294958795481191
255	0.00017538354910943241
256	0.000294958795481191
257	0.00017538354910943241
258	0.00017538354910943241
259	0.00017538354910943241
260	0.0004960595875353742
261	0.0007547660975051771
262	0.0009113196536078647
263	0.00017538354910943241
264	0.0005864302405964455
265	0.00017538354910943241
266	0.000294958795481191
267	0.0007547660975051771
268	0.000294958795481191
269	0.0007547660975051771
270	0.000294958795481191
271	0.000294958795481191
272	0.000294958795481191
273	0.00017538354910943241
274	0.0004960595875353742
275	0.00017538354910943241
276	0.0004960595875353742
277	0.00017538354910943241
278	0.000294958795481191
279	0.000294958795481191
280	0.0006723606558102559
281	0.00039978803786872594
282	0.000294958795481191
283	0.000294958795481191
284	0.00017538354910943241
285	0.001059335114073627
286	0.00039978803786872594
287	0.0005864302405964455
288	0.000294958795481191
289	0.00017538354910943241
290	0.000294958795481191
291	0.000294958795481191
292	0.00017538354910943241
293	0.000294958795481191
294	0.00017538354910943241
295	0.0007547660975051771
296	0.0005864302405964455
297	0.0007547660975051771
298	0.000294958795481191
299	0.0009113196536078647
300	0.00017538354910943241
301	0.00039978803786872594
302	0.0004960595875353742
303	0.00017538354910943241
304	0.0004960595875353742
305	0.00017538354910943241
306	0.00017538354910943241
307	0.000294958795481191
308	0.00017538354910943241
309	0.00017538354910943241
310	0.00017538354910943241
311	0.00017538354910943241
312	0.000294958795481191
313	0.00017538354910943241
314	0.0004960595875353742
315	0.00017538354910943241
316	0.00017538354910943241
317	0.00017538354910943241
318	0.000294958795481191
319	0.00017538354910943241
320	0.00017538354910943241
321	0.00017538354910943241
322	0.00017538354910943241
323	0.0005864302405964455
324	0.000294958795481191
325	0.000294958795481191
326	0.00017538354910943241
327	0.0004960595875353742
328	0.00017538354910943241
329	0.00017538354910943241
330	0.00017538354910943241
331	0.00039978803786872594
332	0.000294958795481191
333	0.000294958795481191
334	0.000294958795481191
335	0.000294958795481191
336	0.000294958795481191
337	0.00017538354910943241
338	0.00017538354910943241
339	0.000294958795481191
340	0.00039978803786872594
341	0.00039978803786872594
342	0.000986254174227849
343	0.000294958795481191
344	0.0011307713304569615
345	0.0007547660975051771
346	0.001059335114073627
347	0.00039978803786872594
348	0.0008342694578214646
349	0.00017538354910943241
350	0.000294958795481191
351	0.0008342694578214646
352	0.0006723606558102559
353	0.000294958795481191
354	0.00017538354910943241
355	0.0005864302405964455
356	0.000294958795481191
357	0.0005864302405964455
358	0.0004960595875353742
359	0.00017538354910943241
360	0.00039978803786872594
361	0.0004960595875353742
362	0.00017538354910943241
363	0.0005864302405964455
364	0.000294958795481191
365	0.000294958795481191
366	0.000986254174227849
367	0.000294958795481191
368	0.0006723606558102559
369	0.000294958795481191
370	0.00039978803786872594
371	0.000294958795481191
372	0.00039978803786872594
373	0.0008342694578214646
374	0.0004960595875353742
375	0.000294958795481191
376	0.000294958795481191
377	0.0004960595875353742
378	0.00017538354910943241
379	0.00017538354910943241
380	0.000294958795481191
381	0.000294958795481191
382	0.0004960595875353742
383	0.0008342694578214646
384	0.0005864302405964455
385	0.0018419792407049155
386	0.0005864302405964455
387	0.000294958795481191
388	0.000294958795481191
389	0.000294958795481191
390	0.00017538354910943241
391	0.000294958795481191
392	0.00017538354910943241
393	0.00017538354910943241
394	0.00017538354910943241
395	0.00039978803786872594
396	0.00017538354910943241
397	0.00017538354910943241
398	0.0004960595875353742
399	0.000294958795481191
400	0.00039978803786872594
401	0.00017538354910943241
402	0.00017538354910943241
403	0.00017538354910943241
404	0.000294958795481191
405	0.000294958795481191
406	0.00039978803786872594
407	0.0009113196536078647
408	0.000294958795481191
409	0.00039978803786872594
410	0.000294958795481191
411	0.00017538354910943241
412	0.0005864302405964455
413	0.0009113196536078647
414	0.000294958795481191
415	0.00039978803786872594
416	0.0007547660975051771
417	0.000294958795481191
418	0.0004960595875353742
419	0.000294958795481191
420	0.000294958795481191
421	0.00017538354910943241
422	0.00017538354910943241
423	0.00017538354910943241
424	0.00017538354910943241
425	0.00017538354910943241
426	0.00017538354910943241
427	0.0004960595875353742
428	0.00017538354910943241
429	0.000294958795481191
430	0.0004960595875353742
431	0.00039978803786872594
432	0.00039978803786872594
433	0.000294958795481191
434	0.00017538354910943241
435	0.00039978803786872594
436	0.0005864302405964455
437	0.00039978803786872594
438	0.0004960595875353742
439	0.00039978803786872594
440	0.0004960595875353742
441	0.0006723606558102559
442	0.0005864302405964455
443	0.00017538354910943241
444	0.00017538354910943241
445	0.000294958795481191
446	0.000294958795481191
447	0.000294958795481191
448	0.000294958795481191
449	0.00017538354910943241
450	0.00039978803786872594
451	0.0006723606558102559
452	0.0006723606558102559
453	0.00017538354910943241
454	0.000294958795481191
455	0.0004960595875353742
456	0.000294958795481191
457	0.0004960595875353742
458	0.0004960595875353742
459	0.000294958795481191
460	0.00039978803786872594
461	0.000294958795481191
462	0.000294958795481191
463	0.00017538354910943241
464	0.0006723606558102559
465	0.000294958795481191
466	0.00017538354910943241
467	0.00017538354910943241
468	0.0004960595875353742
469	0.00017538354910943241
470	0.00017538354910943241
471	0.0009113196536078647
472	0.00017538354910943241
473	0.00017538354910943241
474	0.00039978803786872594
475	0.00017538354910943241
476	0.0004960595875353742
477	0.00017538354910943241
478	0.00017538354910943241
479	0.00017538354910943241
480	0.000294958795481191
481	0.000294958795481191
482	0.0004960595875353742
483	0.00039978803786872594
484	0.00017538354910943241
485	0.00017538354910943241
486	0.00039978803786872594
487	0.000294958795481191
488	0.00017538354910943241
489	0.00017538354910943241
490	0.000294958795481191
491	0.000294958795481191
492	0.0005864302405964455
493	0.000294958795481191
494	0.00017538354910943241
495	0.000294958795481191
496	0.000294958795481191
497	0.000294958795481191
498	0.000294958795481191
499	0.00017538354910943241
500	0.00017538354910943241
501	0.000294958795481191
502	0.000294958795481191
503	0.0004960595875353742
504	0.00017538354910943241
505	0.00017538354910943241
506	0.0004960595875353742
507	0.000294958795481191
508	0.00017538354910943241
509	0.000294958795481191
510	0.000294958795481191
511	0.00017538354910943241
512	0.00017538354910943241
513	0.00039978803786872594
514	0.00017538354910943241
515	0.0004960595875353742
516	0.000294958795481191
517	0.00017538354910943241
518	0.00039978803786872594
519	0.00017538354910943241
520	0.000294958795481191
521	0.00017538354910943241
522	0.0005864302405964455
523	0.00039978803786872594
524	0.00017538354910943241
525	0.000294958795481191
526	0.00039978803786872594
527	0.00017538354910943241
528	0.00017538354910943241
529	0.00017538354910943241
530	0.000294958795481191
531	0.0012693602114942782
532	0.0006723606558102559
533	0.0004960595875353742
534	0.0006723606558102559
535	0.00039978803786872594
536	0.0006723606558102559
537	0.0014683363333899272
538	0.0007547660975051771
539	0.00017538354910943241
540	0.00017538354910943241
541	0.00017538354910943241
542	0.000294958795481191
543	0.000294958795481191
544	0.00017538354910943241
545	0.000294958795481191
546	0.000294958795481191
547	0.00039978803786872594
548	0.000294958795481191
549	0.000294958795481191
550	0.000294958795481191
551	0.0004960595875353742
552	0.00039978803786872594
553	0.0004960595875353742
554	0.0005864302405964455
555	0.00017538354910943241
556	0.000294958795481191
557	0.0007547660975051771
558	0.00017538354910943241
559	0.000294958795481191
560	0.0004960595875353742
561	0.0004960595875353742
562	0.000294958795481191
563	0.00039978803786872594
564	0.000294958795481191
565	0.000294958795481191
566	0.00039978803786872594
567	0.000294958795481191
568	0.000294958795481191
569	0.00017538354910943241
570	0.00017538354910943241
571	0.000294958795481191
572	0.0004960595875353742
573	0.00039978803786872594
574	0.000294958795481191
575	0.000294958795481191
576	0.00017538354910943241
577	0.000294958795481191
578	0.000294958795481191
579	0.0007547660975051771
580	0.00017538354910943241
581	0.0004960595875353742
582	0.00017538354910943241
583	0.000294958795481191
584	0.000294958795481191
585	0.00039978803786872594
586	0.00017538354910943241
587	0.00017538354910943241
588	0.000294958795481191
589	0.00039978803786872594
590	0.000294958795481191
591	0.00039978803786872594
592	0.00039978803786872594
593	0.0004960595875353742
594	0.0007547660975051771
595	0.0004960595875353742
596	0.000294958795481191
597	0.00017538354910943241
598	0.0007547660975051771
599	0.0006723606558102559
600	0.00017538354910943241
601	0.00039978803786872594
602	0.000294958795481191
603	0.0008342694578214646
604	0.00017538354910943241
605	0.0004960595875353742
606	0.00017538354910943241
607	0.0005864302405964455
608	0.00039978803786872594
609	0.0004960595875353742
610	0.0007547660975051771
611	0.0004960595875353742
612	0.000294958795481191
613	0.0005864302405964455
614	0.00017538354910943241
615	0.00017538354910943241
616	0.000294958795481191
617	0.00017538354910943241
618	0.0005864302405964455
619	0.00017538354910943241
620	0.00039978803786872594
621	0.00017538354910943241
622	0.00017538354910943241
623	0.00017538354910943241
624	0.000294958795481191
625	0.00039978803786872594
626	0.00017538354910943241
627	0.0004960595875353742
628	0.00017538354910943241
629	0.00017538354910943241
630	0.00017538354910943241
631	0.000294958795481191
632	0.000294958795481191
633	0.00017538354910943241
634	0.00017538354910943241
635	0.000294958795481191
636	0.000294958795481191
637	0.00039978803786872594
638	0.0007547660975051771
639	0.00039978803786872594
640	0.0006723606558102559
641	0.0005864302405964455
642	0.00017538354910943241
643	0.00017538354910943241
644	0.0004960595875353742
645	0.00017538354910943241
646	0.00017538354910943241
647	0.0004960595875353742
648	0.00017538354910943241
649	0.0007547660975051771
650	0.00039978803786872594
651	0.000294958795481191
652	0.000294958795481191
653	0.000294958795481191
654	0.000294958795481191
655	0.000294958795481191
656	0.00039978803786872594
657	0.00039978803786872594
658	0.00017538354910943241
659	0.000294958795481191
660	0.00017538354910943241
661	0.00017538354910943241
662	0.0004960595875353742
663	0.00017538354910943241
664	0.00017538354910943241
665	0.000294958795481191
666	0.00017538354910943241
667	0.0004960595875353742
668	0.0008342694578214646
669	0.000294958795481191
670	0.000294958795481191
671	0.00039978803786872594
672	0.00017538354910943241
673	0.000294958795481191
674	0.00017538354910943241
675	0.00017538354910943241
676	0.00017538354910943241
677	0.0008342694578214646
678	0.000294958795481191
679	0.0006723606558102559
680	0.0008342694578214646
681	0.00039978803786872594
682	0.0008342694578214646
683	0.00017538354910943241
684	0.000294958795481191
685	0.00017538354910943241
686	0.00017538354910943241
687	0.000294958795481191
688	0.000294958795481191
689	0.00039978803786872594
690	0.0005864302405964455
691	0.0004960595875353742
692	0.00039978803786872594
693	0.000294958795481191
694	0.00017538354910943241
695	0.00017538354910943241
696	0.0007547660975051771
697	0.0005864302405964455
698	0.00017538354910943241
699	0.00017538354910943241
700	0.0004960595875353742
701	0.00017538354910943241
702	0.000294958795481191
703	0.00039978803786872594
704	0.00039978803786872594
705	0.00039978803786872594
706	0.00017538354910943241
707	0.00039978803786872594
708	0.00017538354910943241
709	0.00017538354910943241
710	0.00017538354910943241
711	0.00017538354910943241
712	0.000294958795481191
713	0.00017538354910943241
714	0.00017538354910943241
715	0.00039978803786872594
716	0.000294958795481191
717	0.000294958795481191
718	0.00017538354910943241
719	0.000294958795481191
720	0.000294958795481191
721	0.000294958795481191
722	0.00017538354910943241
723	0.00017538354910943241
724	0.000294958795481191
725	0.00017538354910943241
726	0.000294958795481191
727	0.00017538354910943241
728	0.000294958795481191
729	0.00017538354910943241
730	0.000294958795481191
731	0.00017538354910943241
732	0.000294958795481191
733	0.0004960595875353742
734	0.00017538354910943241
735	0.000294958795481191
736	0.0005864302405964455
737	0.00017538354910943241
738	0.00039978803786872594
739	0.00017538354910943241
740	0.000294958795481191
741	0.000294958795481191
742	0.000294958795481191
743	0.000294958795481191
744	0.00017538354910943241
745	0.000294958795481191
746	0.00017538354910943241
747	0.00017538354910943241
748	0.00039978803786872594
749	0.00017538354910943241
750	0.00017538354910943241
751	0.00039978803786872594
752	0.00017538354910943241
753	0.00017538354910943241
754	0.00017538354910943241
755	0.000294958795481191
756	0.00039978803786872594
757	0.00017538354910943241
758	0.00017538354910943241
759	0.00039978803786872594
760	0.000294958795481191
761	0.000294958795481191
762	0.00017538354910943241
763	0.000294958795481191
764	0.000294958795481191
765	0.00017538354910943241
766	0.0004960595875353742
767	0.0004960595875353742
768	0.000294958795481191
769	0.000294958795481191
770	0.00039978803786872594
771	0.00017538354910943241
772	0.00017538354910943241
773	0.000294958795481191
774	0.000294958795481191
775	0.000294958795481191
776	0.00017538354910943241
777	0.00039978803786872594
778	0.00039978803786872594
779	0.00017538354910943241
780	0.000294958795481191
781	0.00017538354910943241
782	0.00039978803786872594
783	0.00039978803786872594
784	0.0004960595875353742
785	0.000294958795481191
786	0.00017538354910943241
787	0.00017538354910943241
788	0.000294958795481191
789	0.00017538354910943241
790	0.0007547660975051771
791	0.00017538354910943241
792	0.0005864302405964455
793	0.00017538354910943241
794	0.000294958795481191
795	0.000294958795481191
796	0.00017538354910943241
797	0.0005864302405964455
798	0.000294958795481191
799	0.00017538354910943241
800	0.00017538354910943241
801	0.00017538354910943241
802	0.00039978803786872594
803	0.000294958795481191
804	0.00017538354910943241
805	0.00017538354910943241
806	0.00017538354910943241
807	0.00017538354910943241
808	0.00017538354910943241
809	0.000294958795481191
810	0.00039978803786872594
811	0.00017538354910943241
812	0.00017538354910943241
813	0.00017538354910943241
814	0.00017538354910943241
815	0.0005864302405964455
816	0.00017538354910943241
817	0.000294958795481191
818	0.00017538354910943241
819	0.0
820	0.000294958795481191
821	0.0006723606558102559
822	0.00017538354910943241
823	0.000294958795481191
824	0.000294958795481191
825	0.00017538354910943241
826	0.00017538354910943241
827	0.00039978803786872594
828	0.000294958795481191
829	0.000294958795481191
830	0.00017538354910943241
831	0.00017538354910943241
832	0.000294958795481191
833	0.00017538354910943241
834	0.00017538354910943241
835	0.00039978803786872594
836	0.0004960595875353742
837	0.00017538354910943241
838	0.00017538354910943241
839	0.000294958795481191
840	0.0008342694578214646
841	0.0005864302405964455
842	0.000294958795481191
843	0.00017538354910943241
844	0.000294958795481191
845	0.00017538354910943241
846	0.00017538354910943241
847	0.00039978803786872594
848	0.00039978803786872594
849	0.00039978803786872594
850	0.0005864302405964455
851	0.00017538354910943241
852	0.00017538354910943241
853	0.00017538354910943241
854	0.00017538354910943241
855	0.00017538354910943241
856	0.000294958795481191
857	0.00039978803786872594
858	0.00039978803786872594
859	0.0
860	0.00017538354910943241
861	0.0004960595875353742
862	0.00039978803786872594
863	0.000294958795481191
864	0.00039978803786872594
865	0.00017538354910943241
866	0.00017538354910943241
867	0.00017538354910943241
868	0.000294958795481191
869	0.000294958795481191
870	0.00039978803786872594
871	0.00039978803786872594
872	0.00017538354910943241
873	0.00017538354910943241
874	0.000294958795481191
875	0.00017538354910943241
876	0.00017538354910943241
877	0.00039978803786872594
878	0.00039978803786872594
879	0.00039978803786872594
880	0.000294958795481191
881	0.0004960595875353742
882	0.000294958795481191
883	0.0005864302405964455
884	0.00039978803786872594
885	0.000294958795481191
886	0.00017538354910943241
887	0.000294958795481191
888	0.00039978803786872594
889	0.0006723606558102559
890	0.00039978803786872594
891	0.0005864302405964455
892	0.00017538354910943241
893	0.00017538354910943241
894	0.00017538354910943241
895	0.00017538354910943241
896	0.000294958795481191
897	0.00017538354910943241
898	0.00039978803786872594
899	0.00017538354910943241
900	0.0007547660975051771
901	0.0007547660975051771
902	0.0005864302405964455
903	0.00017538354910943241
904	0.00017538354910943241
905	0.00039978803786872594
906	0.00039978803786872594
907	0.0004960595875353742
908	0.0004960595875353742
909	0.0004960595875353742
910	0.000294958795481191
911	0.00017538354910943241
912	0.00017538354910943241
913	0.00039978803786872594
914	0.000294958795481191
915	0.00039978803786872594
916	0.00017538354910943241
917	0.0004960595875353742
918	0.00039978803786872594
919	0.00039978803786872594
920	0.00017538354910943241
921	0.000294958795481191
922	0.0005864302405964455
923	0.00017538354910943241
924	0.00017538354910943241
925	0.00039978803786872594
926	0.00017538354910943241
927	0.00039978803786872594
928	0.000294958795481191
929	0.000294958795481191
930	0.000294958795481191
931	0.0004960595875353742
932	0.0004960595875353742
933	0.00017538354910943241
934	0.00017538354910943241
935	0.00017538354910943241
936	0.00017538354910943241
937	0.00017538354910943241
938	0.00017538354910943241
939	0.00017538354910943241
940	0.00017538354910943241
941	0.00017538354910943241
942	0.00039978803786872594
943	0.000294958795481191
944	0.000294958795481191
945	0.000294958795481191
946	0.00039978803786872594
947	0.0008342694578214646
948	0.0008342694578214646
949	0.0
950	0.000294958795481191
951	0.0004960595875353742
952	0.00017538354910943241
953	0.00039978803786872594
954	0.000294958795481191
955	0.0007547660975051771
956	0.00039978803786872594
957	0.0011307713304569615
958	0.000294958795481191
959	0.0005864302405964455
960	0.00039978803786872594
961	0.0011307713304569615
962	0.000294958795481191
963	0.001059335114073627
964	0.000986254174227849
965	0.00017538354910943241
966	0.00039978803786872594
967	0.0
968	0.00039978803786872594
969	0.00039978803786872594
970	0.00017538354910943241
971	0.00017538354910943241
972	0.00017538354910943241
973	0.000294958795481191
974	0.00017538354910943241
975	0.0004960595875353742
976	0.000294958795481191
977	0.000294958795481191
978	0.000294958795481191
979	0.00017538354910943241
980	0.000294958795481191
981	0.000294958795481191
982	0.000294958795481191
983	0.00039978803786872594
984	0.000294958795481191
985	0.00039978803786872594
986	0.0004960595875353742
987	0.000294958795481191
988	0.000294958795481191
989	0.00017538354910943241
990	0.000294958795481191
991	0.00017538354910943241
992	0.000294958795481191
993	0.000294958795481191
994	0.000294958795481191
995	0.00039978803786872594
996	0.00017538354910943241
997	0.00017538354910943241
998	0.00039978803786872594
999	0.00017538354910943241
1000	0.000294958795481191
1001	0.000294958795481191
1002	0.00039978803786872594
1003	0.0007547660975051771
1004	0.00039978803786872594
1005	0.00017538354910943241
1006	0.00017538354910943241
1007	0.00017538354910943241
1008	0.00039978803786872594
1009	0.000294958795481191
1010	0.0004960595875353742
1011	0.00017538354910943241
1012	0.00017538354910943241
1013	0.0007547660975051771
1014	0.00017538354910943241
1015	0.000294958795481191
1016	0.000294958795481191
1017	0.000294958795481191
1018	0.0005864302405964455
1019	0.0004960595875353742
1020	0.00017538354910943241
1021	0.0004960595875353742
1022	0.000294958795481191
1023	0.00017538354910943241
1024	0.0004960595875353742
1025	0.00017538354910943241
1026	0.00039978803786872594
1027	0.0011307713304569615
1028	0.00017538354910943241
1029	0.000294958795481191
1030	0.00017538354910943241
1031	0.0011307713304569615
1032	0.0004960595875353742
1033	0.00039978803786872594
1034	0.00017538354910943241
1035	0.00017538354910943241
1036	0.000294958795481191
1037	0.00017538354910943241
1038	0.0005864302405964455
1039	0.0005864302405964455
1040	0.00017538354910943241
1041	0.00017538354910943241
1042	0.000294958795481191
1043	0.00017538354910943241
1044	0.00017538354910943241
1045	0.00039978803786872594
1046	0.0006723606558102559
1047	0.00039978803786872594
1048	0.00039978803786872594
1049	0.0005864302405964455
1050	0.0005864302405964455
1051	0.00017538354910943241
1052	0.0009113196536078647
1053	0.00017538354910943241
1054	0.0011307713304569615
1055	0.0006723606558102559
1056	0.000294958795481191
1057	0.000294958795481191
1058	0.00039978803786872594
1059	0.000294958795481191
1060	0.00017538354910943241
1061	0.00017538354910943241
1062	0.00017538354910943241
1063	0.00017538354910943241
1064	0.00017538354910943241
1065	0.000294958795481191
1066	0.00017538354910943241
1067	0.000294958795481191
1068	0.000294958795481191
1069	0.00039978803786872594
1070	0.00017538354910943241
1071	0.000294958795481191
1072	0.00017538354910943241
1073	0.00017538354910943241
1074	0.00017538354910943241
1075	0.0004960595875353742
1076	0.0004960595875353742
1077	0.00017538354910943241
1078	0.0007547660975051771
1079	0.00017538354910943241
1080	0.00039978803786872594
1081	0.00039978803786872594
1082	0.00017538354910943241
1083	0.00017538354910943241
1084	0.0005864302405964455
1085	0.000294958795481191
1086	0.00039978803786872594
1087	0.000986254174227849
1088	0.0009113196536078647
1089	0.0009113196536078647
1090	0.00017538354910943241
1091	0.0004960595875353742
1092	0.000294958795481191
1093	0.00039978803786872594
1094	0.0004960595875353742
1095	0.000294958795481191
1096	0.0005864302405964455
1097	0.000294958795481191
1098	0.000294958795481191
1099	0.000294958795481191
1100	0.000294958795481191
1101	0.00017538354910943241
1102	0.000294958795481191
1103	0.00039978803786872594
1104	0.0005864302405964455
1105	0.0008342694578214646
1106	0.00017538354910943241
1107	0.00017538354910943241
1108	0.0007547660975051771
1109	0.00017538354910943241
1110	0.00017538354910943241
1111	0.00039978803786872594
1112	0.00017538354910943241
1113	0.0005864302405964455
1114	0.00017538354910943241
1115	0.000986254174227849
1116	0.000294958795481191
1117	0.000294958795481191
1118	0.000294958795481191
1119	0.0007547660975051771
1120	0.00017538354910943241
1121	0.00017538354910943241
1122	0.000294958795481191
1123	0.0006723606558102559
1124	0.000294958795481191
1125	0.000294958795481191
1126	0.0006723606558102559
1127	0.0005864302405964455
1128	0.000294958795481191
1129	0.00017538354910943241
1130	0.0004960595875353742
1131	0.00017538354910943241
1132	0.000294958795481191
1133	0.00017538354910943241
1134	0.000294958795481191
1135	0.000294958795481191
1136	0.00017538354910943241
1137	0.000294958795481191
1138	0.00017538354910943241
1139	0.000294958795481191
1140	0.0006723606558102559
1141	0.00017538354910943241
1142	0.00017538354910943241
1143	0.00017538354910943241
1144	0.00017538354910943241
1145	0.0004960595875353742
1146	0.00017538354910943241
1147	0.000294958795481191
1148	0.00039978803786872594
1149	0.00039978803786872594
1150	0.00017538354910943241
1151	0.00017538354910943241
1152	0.000294958795481191
1153	0.00017538354910943241
1154	0.00039978803786872594
1155	0.00017538354910943241
1156	0.00017538354910943241
1157	0.0005864302405964455
1158	0.000294958795481191
1159	0.000294958795481191
1160	0.000294958795481191
1161	0.0004960595875353742
1162	0.00017538354910943241
1163	0.00017538354910943241
1164	0.000294958795481191
1165	0.00017538354910943241
1166	0.0005864302405964455
1167	0.00017538354910943241
1168	0.00039978803786872594
1169	0.000294958795481191
1170	0.000294958795481191
1171	0.00017538354910943241
1172	0.0004960595875353742
1173	0.00017538354910943241
1174	0.00017538354910943241
1175	0.0019017231165058648
1176	0.00017538354910943241
1177	0.000294958795481191
1178	0.000294958795481191
1179	0.0005864302405964455
1180	0.0006723606558102559
1181	0.000294958795481191
1182	0.000294958795481191
1183	0.0005864302405964455
1184	0.0007547660975051771
1185	0.00017538354910943241
1186	0.0006723606558102559
1187	0.0004960595875353742
1188	0.00017538354910943241
1189	0.000294958795481191
1190	0.00017538354910943241
1191	0.000294958795481191
1192	0.0005864302405964455
1193	0.00017538354910943241
1194	0.00039978803786872594
1195	0.0006723606558102559
1196	0.0004960595875353742
1197	0.00017538354910943241
1198	0.0005864302405964455
1199	0.00017538354910943241
1200	0.000294958795481191
1201	0.00039978803786872594
1202	0.000294958795481191
1203	0.00017538354910943241
1204	0.0008342694578214646
1205	0.0004960595875353742
1206	0.00017538354910943241
1207	0.00017538354910943241
1208	0.0004960595875353742
1209	0.0004960595875353742
1210	0.000294958795481191
1211	0.0006723606558102559
1212	0.00017538354910943241
1213	0.00017538354910943241
1214	0.00039978803786872594
1215	0.00017538354910943241
1216	0.00017538354910943241
1217	0.00017538354910943241
1218	0.00017538354910943241
1219	0.00017538354910943241
1220	0.00039978803786872594
1221	0.00017538354910943241
1222	0.00017538354910943241
1223	0.000294958795481191
1224	0.00017538354910943241
1225	0.00017538354910943241
1226	0.000294958795481191
1227	0.00039978803786872594
1228	0.0005864302405964455
1229	0.00017538354910943241
1230	0.00017538354910943241
1231	0.00017538354910943241
1232	0.000294958795481191
1233	0.000294958795481191
1234	0.00017538354910943241
1235	0.00017538354910943241
1236	0.00017538354910943241
1237	0.00039978803786872594
1238	0.00017538354910943241
1239	0.00017538354910943241
1240	0.00017538354910943241
1241	0.00017538354910943241
1242	0.00017538354910943241
1243	0.000294958795481191
1244	0.00017538354910943241
1245	0.00017538354910943241
1246	0.00039978803786872594
1247	0.00017538354910943241
1248	0.00017538354910943241
1249	0.00017538354910943241
1250	0.00017538354910943241
1251	0.00017538354910943241
1252	0.00017538354910943241
1253	0.00039978803786872594
1254	0.00017538354910943241
1255	0.00017538354910943241
1256	0.00017538354910943241
1257	0.00017538354910943241
1258	0.000294958795481191
1259	0.00017538354910943241
1260	0.00017538354910943241
1261	0.00017538354910943241
1262	0.00017538354910943241
1263	0.00017538354910943241
1264	0.00017538354910943241
1265	0.0008342694578214646
1266	0.0008342694578214646
1267	0.0006723606558102559
1268	0.00039978803786872594
1269	0.00017538354910943241
1270	0.000294958795481191
1271	0.00017538354910943241
1272	0.00017538354910943241
1273	0.000294958795481191
1274	0.0014683363333899272
1275	0.00017538354910943241
1276	0.000294958795481191
1277	0.00017538354910943241
1278	0.00017538354910943241
1279	0.00039978803786872594
1280	0.00017538354910943241
1281	0.000294958795481191
1282	0.0013367718718512859
1283	0.00039978803786872594
1284	0.00039978803786872594
1285	0.0007547660975051771
1286	0.0006723606558102559
1287	0.000294958795481191
1288	0.00017538354910943241
1289	0.00017538354910943241
1290	0.00017538354910943241
1291	0.0004960595875353742
1292	0.000294958795481191
1293	0.00039978803786872594
1294	0.00017538354910943241
1295	0.0006723606558102559
1296	0.000294958795481191
1297	0.000294958795481191
1298	0.00017538354910943241
1299	0.00017538354910943241
1300	0.00017538354910943241
1301	0.00017538354910943241
1302	0.00017538354910943241
1303	0.000294958795481191
1304	0.00017538354910943241
1305	0.00017538354910943241
1306	0.0005864302405964455
1307	0.00017538354910943241
1308	0.000294958795481191
1309	0.000294958795481191
1310	0.00017538354910943241
1311	0.00017538354910943241
1312	0.00017538354910943241
1313	0.000294958795481191
1314	0.00017538354910943241
1315	0.0007547660975051771
1316	0.00039978803786872594
1317	0.0004960595875353742
1318	0.000294958795481191
1319	0.000294958795481191
1320	0.00039978803786872594
1321	0.00017538354910943241
1322	0.000294958795481191
1323	0.000294958795481191
1324	0.00039978803786872594
1325	0.00039978803786872594
1326	0.000294958795481191
1327	0.000294958795481191
1328	0.000294958795481191
1329	0.0004960595875353742
1330	0.00017538354910943241
1331	0.00017538354910943241
1332	0.00017538354910943241
1333	0.00039978803786872594
1334	0.00017538354910943241
1335	0.00017538354910943241
1336	0.0
1337	0.00017538354910943241
1338	0.00017538354910943241
1339	0.00017538354910943241
1340	0.0005864302405964455
1341	0.00017538354910943241
1342	0.0005864302405964455
1343	0.000294958795481191
1344	0.0004960595875353742
1345	0.000294958795481191
1346	0.0005864302405964455
1347	0.00039978803786872594
1348	0.00017538354910943241
1349	0.00039978803786872594
1350	0.00017538354910943241
1351	0.00017538354910943241
1352	0.000294958795481191
1353	0.0005864302405964455
1354	0.00039978803786872594
1355	0.000294958795481191
1356	0.00039978803786872594
1357	0.00017538354910943241
1358	0.00039978803786872594
1359	0.00017538354910943241
1360	0.00017538354910943241
1361	0.00017538354910943241
1362	0.0004960595875353742
1363	0.00017538354910943241
1364	0.00039978803786872594
1365	0.0004960595875353742
1366	0.00017538354910943241
1367	0.00017538354910943241
1368	0.00017538354910943241
1369	0.00017538354910943241
1370	0.0006723606558102559
1371	0.00017538354910943241
1372	0.00017538354910943241
1373	0.00017538354910943241
1374	0.00017538354910943241
1375	0.00017538354910943241
1376	0.0004960595875353742
1377	0.0006723606558102559
1378	0.00017538354910943241
1379	0.0007547660975051771
1380	0.00017538354910943241
1381	0.0015960777928420151
1382	0.00039978803786872594
1383	0.000294958795481191
1384	0.000294958795481191
1385	0.000294958795481191
1386	0.00017538354910943241
1387	0.00017538354910943241
1388	0.000294958795481191
1389	0.00017538354910943241
1390	0.00039978803786872594
1391	0.00017538354910943241
1392	0.000294958795481191
1393	0.000294958795481191
1394	0.00039978803786872594
1395	0.00017538354910943241
1396	0.00017538354910943241
1397	0.000294958795481191
1398	0.00017538354910943241
1399	0.000294958795481191
1400	0.000294958795481191
1401	0.000294958795481191
1402	0.0004960595875353742
1403	0.00039978803786872594
1404	0.00017538354910943241
1405	0.0006723606558102559
1406	0.00017538354910943241
1407	0.00017538354910943241
1408	0.00039978803786872594
1409	0.000294958795481191
1410	0.0004960595875353742
1411	0.000294958795481191
1412	0.00017538354910943241
1413	0.00017538354910943241
1414	0.00039978803786872594
1415	0.00039978803786872594
1416	0.000294958795481191
1417	0.000294958795481191
1418	0.000294958795481191
1419	0.00017538354910943241
1420	0.00017538354910943241
1421	0.00017538354910943241
1422	0.0004960595875353742
1423	0.00017538354910943241
1424	0.00017538354910943241
1425	0.00017538354910943241
1426	0.000294958795481191
1427	0.00017538354910943241
1428	0.00017538354910943241
1429	0.00017538354910943241
1430	0.00017538354910943241
1431	0.00017538354910943241
1432	0.00017538354910943241
1433	0.00017538354910943241
1434	0.00017538354910943241
1435	0.00017538354910943241
1436	0.00017538354910943241
1437	0.00017538354910943241
1438	0.00017538354910943241
1439	0.000294958795481191
1440	0.00039978803786872594
1441	0.000294958795481191
1442	0.00017538354910943241
1443	0.000294958795481191
1444	0.00017538354910943241
1445	0.00017538354910943241
1446	0.00017538354910943241
1447	0.00017538354910943241
1448	0.0005864302405964455
1449	0.00017538354910943241
1450	0.000294958795481191
1451	0.00017538354910943241
1452	0.00017538354910943241
1453	0.00039978803786872594
1454	0.00017538354910943241
1455	0.0005864302405964455
1456	0.00017538354910943241
1457	0.000294958795481191
1458	0.00017538354910943241
1459	0.00039978803786872594
1460	0.00017538354910943241
1461	0.00017538354910943241
1462	0.0008342694578214646
1463	0.00017538354910943241
1464	0.00017538354910943241
1465	0.00017538354910943241
1466	0.0004960595875353742
1467	0.000294958795481191
1468	0.00039978803786872594
1469	0.000294958795481191
1470	0.0004960595875353742
1471	0.00039978803786872594
1472	0.00039978803786872594
1473	0.000294958795481191
1474	0.00017538354910943241
1475	0.00039978803786872594
1476	0.000294958795481191
1477	0.000294958795481191
1478	0.000294958795481191
1479	0.00039978803786872594
1480	0.00017538354910943241
1481	0.00039978803786872594
1482	0.0006723606558102559
1483	0.00039978803786872594
1484	0.0004960595875353742
1485	0.00017538354910943241
1486	0.00039978803786872594
1487	0.00017538354910943241
1488	0.00017538354910943241
1489	0.00017538354910943241
1490	0.00017538354910943241
1491	0.000294958795481191
1492	0.00039978803786872594
1493	0.0008342694578214646
1494	0.00039978803786872594
1495	0.00039978803786872594
1496	0.00039978803786872594
1497	0.00017538354910943241
1498	0.000294958795481191
1499	0.00017538354910943241
1500	0.000294958795481191
1501	0.00017538354910943241
1502	0.00017538354910943241
1503	0.0
1504	0.000294958795481191
1505	0.00017538354910943241
1506	0.00017538354910943241
1507	0.00039978803786872594
1508	0.0019017231165058648
1509	0.000294958795481191
1510	0.0004960595875353742
1511	0.0004960595875353742
1512	0.0005864302405964455
1513	0.0004960595875353742
1514	0.0014030683928754593
1515	0.0005864302405964455
1516	0.00039978803786872594
1517	0.0004960595875353742
1518	0.00017538354910943241
1519	0.00039978803786872594
1520	0.0006723606558102559
1521	0.0008342694578214646
1522	0.00039978803786872594
1523	0.00039978803786872594
1524	0.00017538354910943241
1525	0.00017538354910943241
1526	0.00039978803786872594
1527	0.00017538354910943241
1528	0.0005864302405964455
1529	0.00017538354910943241
1530	0.000294958795481191
1531	0.00017538354910943241
1532	0.0005864302405964455
1533	0.00017538354910943241
1534	0.00017538354910943241
1535	0.000294958795481191
1536	0.000294958795481191
1537	0.00017538354910943241
1538	0.00017538354910943241
1539	0.00017538354910943241
1540	0.00017538354910943241
1541	0.00017538354910943241
1542	0.0004960595875353742
1543	0.00017538354910943241
1544	0.000294958795481191
1545	0.00017538354910943241
1546	0.00017538354910943241
1547	0.00017538354910943241
1548	0.00017538354910943241
1549	0.0005864302405964455
1550	0.00017538354910943241
1551	0.0006723606558102559
1552	0.00017538354910943241
1553	0.0004960595875353742
1554	0.00039978803786872594
1555	0.00017538354910943241
1556	0.00017538354910943241
1557	0.000294958795481191
1558	0.00017538354910943241
1559	0.00039978803786872594
1560	0.0004960595875353742
1561	0.00017538354910943241
1562	0.00039978803786872594
1563	0.000294958795481191
1564	0.00017538354910943241
1565	0.00017538354910943241
1566	0.00039978803786872594
1567	0.0005864302405964455
1568	0.000294958795481191
1569	0.000294958795481191
1570	0.00039978803786872594
1571	0.000294958795481191
1572	0.000294958795481191
1573	0.00039978803786872594
1574	0.000294958795481191
1575	0.00017538354910943241
1576	0.00017538354910943241
1577	0.00017538354910943241
1578	0.00017538354910943241
1579	0.00017538354910943241
1580	0.00017538354910943241
1581	0.000294958795481191
1582	0.00017538354910943241
1583	0.00017538354910943241
1584	0.00017538354910943241
1585	0.000294958795481191
1586	0.00017538354910943241
1587	0.000294958795481191
1588	0.00039978803786872594
1589	0.000294958795481191
1590	0.00017538354910943241
1591	0.000294958795481191
1592	0.00017538354910943241
1593	0.000294958795481191
1594	0.00017538354910943241
1595	0.00039978803786872594
1596	0.000294958795481191
1597	0.00017538354910943241
1598	0.00017538354910943241
1599	0.000294958795481191
1600	0.0004960595875353742
1601	0.0005864302405964455
1602	0.000294958795481191
1603	0.00017538354910943241
1604	0.00017538354910943241
1605	0.00017538354910943241
1606	0.00039978803786872594
1607	0.00017538354910943241
1608	0.00039978803786872594
1609	0.00017538354910943241
1610	0.00039978803786872594
1611	0.00017538354910943241
1612	0.00017538354910943241
1613	0.00017538354910943241
1614	0.00017538354910943241
1615	0.000294958795481191
1616	0.000294958795481191
1617	0.004289756252077201
1618	0.000294958795481191
1619	0.000294958795481191
1620	0.00017538354910943241
1621	0.000294958795481191
1622	0.000294958795481191
1623	0.00039978803786872594
1624	0.00017538354910943241
1625	0.00017538354910943241
1626	0.00017538354910943241
1627	0.00017538354910943241
1628	0.000294958795481191
1629	0.000294958795481191
1630	0.00017538354910943241
1631	0.000294958795481191
1632	0.000294958795481191
1633	0.00017538354910943241
1634	0.00039978803786872594
1635	0.00039978803786872594
1636	0.0004960595875353742
1637	0.00039978803786872594
1638	0.000294958795481191
1639	0.000294958795481191
1640	0.00017538354910943241
1641	0.0008342694578214646
1642	0.00017538354910943241
1643	0.0012693602114942782
1644	0.0004960595875353742
1645	0.00039978803786872594
1646	0.0004960595875353742
1647	0.00039978803786872594
1648	0.00017538354910943241
1649	0.0008342694578214646
1650	0.0006723606558102559
1651	0.0008342694578214646
1652	0.00017538354910943241
1653	0.00039978803786872594
1654	0.000294958795481191
1655	0.00017538354910943241
1656	0.000294958795481191
1657	0.000294958795481191
1658	0.00017538354910943241
1659	0.00017538354910943241
1660	0.000294958795481191
1661	0.00017538354910943241
1662	0.00017538354910943241
1663	0.00017538354910943241
1664	0.00017538354910943241
1665	0.00017538354910943241
1666	0.00017538354910943241
1667	0.00017538354910943241
1668	0.00017538354910943241
1669	0.00017538354910943241
1670	0.00017538354910943241
1671	0.00039978803786872594
1672	0.000294958795481191
1673	0.0005864302405964455
1674	0.0004960595875353742
1675	0.000294958795481191
1676	0.000294958795481191
1677	0.000294958795481191
1678	0.00017538354910943241
1679	0.0006723606558102559
1680	0.00017538354910943241
1681	0.00017538354910943241
1682	0.00017538354910943241
1683	0.000294958795481191
1684	0.00039978803786872594
1685	0.00017538354910943241
1686	0.00017538354910943241
1687	0.0004960595875353742
1688	0.00017538354910943241
1689	0.00017538354910943241
1690	0.000294958795481191
1691	0.000294958795481191
1692	0.000294958795481191
1693	0.00017538354910943241
1694	0.00017538354910943241
1695	0.00017538354910943241
1696	0.00017538354910943241
1697	0.00017538354910943241
1698	0.000294958795481191
1699	0.000294958795481191
1700	0.000294958795481191
1701	0.000986254174227849
1702	0.00039978803786872594
1703	0.00017538354910943241
1704	0.000294958795481191
1705	0.0005864302405964455
1706	0.00017538354910943241
1707	0.000294958795481191
1708	0.00017538354910943241
1709	0.00017538354910943241
1710	0.00017538354910943241
1711	0.00017538354910943241
1712	0.000294958795481191
1713	0.00017538354910943241
1714	0.00017538354910943241
1715	0.0006723606558102559
1716	0.00039978803786872594
1717	0.000294958795481191
1718	0.00017538354910943241
1719	0.00017538354910943241
1720	0.00017538354910943241
1721	0.00017538354910943241
1722	0.00017538354910943241
1723	0.0004960595875353742
1724	0.00017538354910943241
1725	0.0004960595875353742
1726	0.000294958795481191
1727	0.0004960595875353742
1728	0.00017538354910943241
1729	0.000294958795481191
1730	0.000294958795481191
1731	0.0004960595875353742
1732	0.00017538354910943241
1733	0.00017538354910943241
1734	0.00017538354910943241
1735	0.00017538354910943241
1736	0.00017538354910943241
1737	0.00017538354910943241
1738	0.000294958795481191
1739	0.00017538354910943241
1740	0.00039978803786872594
1741	0.00017538354910943241
1742	0.000294958795481191
1743	0.00017538354910943241
1744	0.00017538354910943241
1745	0.00017538354910943241
1746	0.0007547660975051771
1747	0.0
1748	0.000294958795481191
1749	0.00017538354910943241
1750	0.00017538354910943241
1751	0.000294958795481191
1752	0.0021348009030224707
1753	0.0009113196536078647
1754	0.00017538354910943241
1755	0.000294958795481191
1756	0.00017538354910943241
1757	0.0007547660975051771
1758	0.000294958795481191
1759	0.000294958795481191
1760	0.00039978803786872594
1761	0.00039978803786872594
1762	0.00039978803786872594
1763	0.00017538354910943241
1764	0.00017538354910943241
1765	0.00017538354910943241
1766	0.00017538354910943241
1767	0.00017538354910943241
1768	0.00017538354910943241
1769	0.00017538354910943241
1770	0.00017538354910943241
1771	0.00017538354910943241
1772	0.00039978803786872594
1773	0.00017538354910943241
1774	0.00017538354910943241
1775	0.0005864302405964455
1776	0.00017538354910943241
1777	0.00017538354910943241
1778	0.000294958795481191
1779	0.00039978803786872594
1780	0.00039978803786872594
1781	0.0005864302405964455
1782	0.0008342694578214646
1783	0.000294958795481191
1784	0.00017538354910943241
1785	0.00039978803786872594
1786	0.00017538354910943241
1787	0.00017538354910943241
1788	0.00017538354910943241
1789	0.00017538354910943241
1790	0.00017538354910943241
1791	0.00017538354910943241
1792	0.00017538354910943241
1793	0.00039978803786872594
1794	0.0004960595875353742
1795	0.0005864302405964455
1796	0.00017538354910943241
1797	0.00017538354910943241
1798	0.00017538354910943241
1799	0.00017538354910943241
1800	0.00017538354910943241
1801	0.00017538354910943241
1802	0.000294958795481191
1803	0.00017538354910943241
1804	0.00039978803786872594
1805	0.00017538354910943241
1806	0.00017538354910943241
1807	0.00039978803786872594
1808	0.000294958795481191
1809	0.00039978803786872594
1810	0.00017538354910943241
1811	0.000294958795481191
1812	0.00017538354910943241
1813	0.00017538354910943241
1814	0.00017538354910943241
1815	0.00017538354910943241
1816	0.00017538354910943241
1817	0.0004960595875353742
1818	0.000294958795481191
1819	0.0004960595875353742
1820	0.00017538354910943241
1821	0.000294958795481191
1822	0.00017538354910943241
1823	0.00017538354910943241
1824	0.00017538354910943241
1825	0.00017538354910943241
1826	0.00017538354910943241
1827	0.000294958795481191
1828	0.00017538354910943241
1829	0.00039978803786872594
1830	0.00017538354910943241
1831	0.00017538354910943241
1832	0.00017538354910943241
1833	0.00017538354910943241
1834	0.00017538354910943241
1835	0.00017538354910943241
1836	0.00017538354910943241
1837	0.000294958795481191
1838	0.0015326508597382205
1839	0.00039978803786872594
1840	0.0006723606558102559
1841	0.0011307713304569615
1842	0.000294958795481191
1843	0.00039978803786872594
1844	0.00017538354910943241
1845	0.000294958795481191
1846	0.00017538354910943241
1847	0.000294958795481191
1848	0.00017538354910943241
1849	0.00017538354910943241
1850	0.000294958795481191
1851	0.000294958795481191
1852	0.000294958795481191
1853	0.00017538354910943241
1854	0.00039978803786872594
1855	0.000294958795481191
1856	0.00017538354910943241
1857	0.00017538354910943241
1858	0.00017538354910943241
1859	0.000294958795481191
1860	0.00017538354910943241
1861	0.0009113196536078647
1862	0.000294958795481191
1863	0.00017538354910943241
1864	0.00017538354910943241
1865	0.00017538354910943241
1866	0.00017538354910943241
1867	0.00017538354910943241
1868	0.00039978803786872594
1869	0.000294958795481191
1870	0.00017538354910943241
1871	0.00039978803786872594
1872	0.000294958795481191
1873	0.000294958795481191
1874	0.00017538354910943241
1875	0.00017538354910943241
1876	0.00039978803786872594
1877	0.000294958795481191
1878	0.00017538354910943241
1879	0.00017538354910943241
1880	0.00017538354910943241
1881	0.000294958795481191
1882	0.00039978803786872594
1883	0.0012693602114942782
1884	0.00039978803786872594
1885	0.00017538354910943241
1886	0.00017538354910943241
1887	0.00017538354910943241
1888	0.00017538354910943241
1889	0.00017538354910943241
1890	0.00039978803786872594
1891	0.00039978803786872594
1892	0.00039978803786872594
1893	0.00017538354910943241
1894	0.000294958795481191
1895	0.00017538354910943241
1896	0.00017538354910943241
1897	0.00039978803786872594
1898	0.00017538354910943241
1899	0.00017538354910943241
1900	0.00017538354910943241
1901	0.00017538354910943241
1902	0.0006723606558102559
1903	0.00017538354910943241
1904	0.00017538354910943241
1905	0.000294958795481191
1906	0.00017538354910943241
1907	0.00017538354910943241
1908	0.000294958795481191
1909	0.000294958795481191
1910	0.0007547660975051771
1911	0.00017538354910943241
1912	0.00017538354910943241
1913	0.000294958795481191
1914	0.00017538354910943241
1915	0.00017538354910943241
1916	0.0005864302405964455
1917	0.0006723606558102559
1918	0.00017538354910943241
1919	0.000294958795481191
1920	0.00017538354910943241
1921	0.00017538354910943241
1922	0.00017538354910943241
1923	0.00017538354910943241
1924	0.00017538354910943241
1925	0.00017538354910943241
1926	0.00017538354910943241
1927	0.00017538354910943241
1928	0.00017538354910943241
1929	0.00017538354910943241
1930	0.0005864302405964455
1931	0.00017538354910943241
1932	0.00017538354910943241
1933	0.00039978803786872594
1934	0.00039978803786872594
1935	0.00017538354910943241
1936	0.00017538354910943241
1937	0.0005864302405964455
1938	0.00017538354910943241
1939	0.000294958795481191
1940	0.0004960595875353742
1941	0.00017538354910943241
1942	0.000294958795481191
1943	0.00017538354910943241
1944	0.0004960595875353742
1945	0.00017538354910943241
1946	0.00017538354910943241
1947	0.00017538354910943241
1948	0.00017538354910943241
1949	0.00017538354910943241
1950	0.000294958795481191
1951	0.000294958795481191
1952	0.000294958795481191
1953	0.00017538354910943241
1954	0.00017538354910943241
1955	0.00017538354910943241
1956	0.000294958795481191
1957	0.00017538354910943241
1958	0.00017538354910943241
1959	0.00017538354910943241
1960	0.00017538354910943241
1961	0.0015326508597382205
1962	0.0012693602114942782
1963	0.00039978803786872594
1964	0.0004960595875353742
1965	0.00039978803786872594
1966	0.00017538354910943241
1967	0.00017538354910943241
1968	0.00017538354910943241
1969	0.00017538354910943241
1970	0.00017538354910943241
1971	0.00017538354910943241
1972	0.00039978803786872594
1973	0.00017538354910943241
1974	0.00017538354910943241
1975	0.00017538354910943241
1976	0.00017538354910943241
1977	0.00017538354910943241
1978	0.0006723606558102559
1979	0.00017538354910943241
1980	0.00017538354910943241
1981	0.00017538354910943241
1982	0.00017538354910943241
1983	0.00017538354910943241
1984	0.00017538354910943241
1985	0.00017538354910943241
1986	0.000294958795481191
1987	0.00017538354910943241
1988	0.00017538354910943241
1989	0.00017538354910943241
1990	0.0
1991	0.00017538354910943241
1992	0.00017538354910943241
1993	0.00017538354910943241
1994	0.00017538354910943241
1995	0.00017538354910943241
1996	0.000294958795481191
1997	0.00017538354910943241
1998	0.000294958795481191
1999	0.00039978803786872594
2000	0.00039978803786872594
2001	0.00017538354910943241
2002	0.00017538354910943241
2003	0.00017538354910943241
2004	0.00017538354910943241
2005	0.000294958795481191
2006	0.00017538354910943241
2007	0.000294958795481191
2008	0.000294958795481191
2009	0.00017538354910943241
2010	0.00017538354910943241
2011	0.00017538354910943241
2012	0.00017538354910943241
2013	0.00017538354910943241
2014	0.00017538354910943241
2015	0.000294958795481191
2016	0.000294958795481191
2017	0.00039978803786872594
2018	0.00017538354910943241
2019	0.00017538354910943241
2020	0.00017538354910943241
2021	0.000294958795481191
2022	0.00017538354910943241
2023	0.000294958795481191
2024	0.000294958795481191
2025	0.00017538354910943241
2026	0.000294958795481191
2027	0.00017538354910943241
2028	0.00039978803786872594
2029	0.000294958795481191
2030	0.00017538354910943241
2031	0.00017538354910943241
2032	0.00017538354910943241
2033	0.000294958795481191
2034	0.00017538354910943241
2035	0.0004960595875353742
2036	0.00017538354910943241
2037	0.000294958795481191
2038	0.00017538354910943241
2039	0.00017538354910943241
2040	0.0004960595875353742
2041	0.00017538354910943241
2042	0.00017538354910943241
2043	0.00017538354910943241
2044	0.00017538354910943241
2045	0.000294958795481191
2046	0.00017538354910943241
2047	0.00017538354910943241
2048	0.00017538354910943241
2049	0.000294958795481191
2050	0.000294958795481191
2051	0.00017538354910943241
2052	0.0004960595875353742
2053	0.00017538354910943241
2054	0.00017538354910943241
2055	0.00017538354910943241
2056	0.00017538354910943241
2057	0.000294958795481191
2058	0.000294958795481191
2059	0.00017538354910943241
2060	0.0004960595875353742
2061	0.00017538354910943241
2062	0.000294958795481191
2063	0.00017538354910943241
2064	0.00017538354910943241
2065	0.000294958795481191
2066	0.00039978803786872594
2067	0.00017538354910943241
2068	0.0008342694578214646
2069	0.000294958795481191
2070	0.000294958795481191
2071	0.00017538354910943241
2072	0.000294958795481191
2073	0.0005864302405964455
2074	0.00017538354910943241
2075	0.0004960595875353742
2076	0.00017538354910943241
2077	0.00017538354910943241
2078	0.000294958795481191
2079	0.0004960595875353742
2080	0.0004960595875353742
2081	0.00017538354910943241
2082	0.00017538354910943241
2083	0.00017538354910943241
2084	0.00017538354910943241
2085	0.000294958795481191
2086	0.000294958795481191
2087	0.00017538354910943241
2088	0.00039978803786872594
2089	0.0006723606558102559
2090	0.0005864302405964455
2091	0.000294958795481191
2092	0.00017538354910943241
2093	0.00039978803786872594
2094	0.0006723606558102559
2095	0.000294958795481191
2096	0.000294958795481191
2097	0.00017538354910943241
2098	0.000294958795481191
2099	0.000294958795481191
2100	0.00017538354910943241
2101	0.00017538354910943241
2102	0.00017538354910943241
2103	0.00017538354910943241
2104	0.00017538354910943241
2105	0.0005864302405964455
2106	0.00017538354910943241
2107	0.00017538354910943241
2108	0.00017538354910943241
2109	0.00017538354910943241
2110	0.00039978803786872594
2111	0.00017538354910943241
2112	0.00017538354910943241
2113	0.000294958795481191
2114	0.0004960595875353742
2115	0.00017538354910943241
2116	0.00017538354910943241
2117	0.000294958795481191
2118	0.00017538354910943241
2119	0.00017538354910943241
2120	0.00017538354910943241
2121	0.00017538354910943241
2122	0.0006723606558102559
2123	0.0005864302405964455
2124	0.0004960595875353742
2125	0.00039978803786872594
2126	0.0005864302405964455
2127	0.00017538354910943241
2128	0.00017538354910943241
2129	0.000294958795481191
2130	0.00017538354910943241
2131	0.00017538354910943241
2132	0.00017538354910943241
2133	0.00039978803786872594
2134	0.000294958795481191
2135	0.000294958795481191
2136	0.00017538354910943241
2137	0.00017538354910943241
2138	0.00017538354910943241
2139	0.0004960595875353742
2140	0.000294958795481191
2141	0.00017538354910943241
2142	0.00017538354910943241
2143	0.0004960595875353742
2144	0.00017538354910943241
2145	0.00017538354910943241
2146	0.00017538354910943241
2147	0.00017538354910943241
2148	0.00017538354910943241
2149	0.00017538354910943241
2150	0.0
2151	0.00039978803786872594
2152	0.00039978803786872594
2153	0.00017538354910943241
2154	0.00039978803786872594
2155	0.00017538354910943241
2156	0.000294958795481191
2157	0.00017538354910943241
2158	0.00017538354910943241
2159	0.00017538354910943241
2160	0.00039978803786872594
2161	0.000294958795481191
2162	0.00017538354910943241
2163	0.000294958795481191
2164	0.00017538354910943241
2165	0.00017538354910943241
2166	0.000294958795481191
2167	0.000294958795481191
2168	0.00017538354910943241
2169	0.00017538354910943241
2170	0.000294958795481191
2171	0.00017538354910943241
2172	0.00017538354910943241
2173	0.000294958795481191
2174	0.00039978803786872594
2175	0.000294958795481191
2176	0.00017538354910943241
2177	0.000294958795481191
2178	0.00017538354910943241
2179	0.00017538354910943241
2180	0.00017538354910943241
2181	0.00017538354910943241
2182	0.00017538354910943241
2183	0.00017538354910943241
2184	0.00017538354910943241
2185	0.00017538354910943241
2186	0.00039978803786872594
2187	0.00017538354910943241
2188	0.000294958795481191
2189	0.00039978803786872594
2190	0.000294958795481191
2191	0.000294958795481191
2192	0.0004960595875353742
2193	0.00017538354910943241
2194	0.00017538354910943241
2195	0.000294958795481191
2196	0.000294958795481191
2197	0.00017538354910943241
2198	0.00017538354910943241
2199	0.00017538354910943241
2200	0.00017538354910943241
2201	0.00017538354910943241
2202	0.00017538354910943241
2203	0.00017538354910943241
2204	0.000294958795481191
2205	0.00039978803786872594
2206	0.000294958795481191
2207	0.00017538354910943241
2208	0.00017538354910943241
2209	0.00017538354910943241
2210	0.00039978803786872594
2211	0.00017538354910943241
2212	0.000294958795481191
2213	0.00017538354910943241
2214	0.000294958795481191
2215	0.00017538354910943241
2216	0.00017538354910943241
2217	0.00017538354910943241
2218	0.00017538354910943241
2219	0.00017538354910943241
2220	0.000294958795481191
2221	0.00017538354910943241
2222	0.00017538354910943241
2223	0.000294958795481191
2224	0.000294958795481191
2225	0.00017538354910943241
2226	0.00017538354910943241
2227	0.00017538354910943241
2228	0.00017538354910943241
2229	0.00017538354910943241
2230	0.00017538354910943241
2231	0.00017538354910943241
2232	0.00017538354910943241
2233	0.00017538354910943241
2234	0.00017538354910943241
2235	0.00017538354910943241
2236	0.00017538354910943241
2237	0.00017538354910943241
2238	0.000294958795481191
2239	0.00017538354910943241
2240	0.00017538354910943241
2241	0.00017538354910943241
2242	0.00017538354910943241
2243	0.000294958795481191
2244	0.000294958795481191
2245	0.00017538354910943241
2246	0.00017538354910943241
2247	0.00017538354910943241
2248	0.00017538354910943241
2249	0.00017538354910943241
2250	0.00017538354910943241
2251	0.000294958795481191
2252	0.00017538354910943241
2253	0.00017538354910943241
2254	0.00017538354910943241
2255	0.00017538354910943241
2256	0.00017538354910943241
2257	0.00017538354910943241
2258	0.00017538354910943241
2259	0.00017538354910943241
2260	0.00017538354910943241
2261	0.000294958795481191
2262	0.00039978803786872594
2263	0.000294958795481191
2264	0.0006723606558102559
2265	0.00017538354910943241
2266	0.000294958795481191
2267	0.00017538354910943241
2268	0.00017538354910943241
2269	0.000294958795481191
2270	0.00017538354910943241
2271	0.000294958795481191
2272	0.0006723606558102559
2273	0.00017538354910943241
2274	0.00017538354910943241
2275	0.0005864302405964455
2276	0.00017538354910943241
2277	0.00039978803786872594
2278	0.00017538354910943241
2279	0.00017538354910943241
2280	0.000294958795481191
2281	0.000986254174227849
2282	0.000294958795481191
2283	0.000294958795481191
2284	0.0006723606558102559
2285	0.00017538354910943241
2286	0.00017538354910943241
2287	0.000294958795481191
2288	0.00017538354910943241
2289	0.00017538354910943241
2290	0.000294958795481191
2291	0.00017538354910943241
2292	0.00017538354910943241
2293	0.000294958795481191
2294	0.00017538354910943241
2295	0.00017538354910943241
2296	0.000294958795481191
2297	0.00039978803786872594
2298	0.000294958795481191
2299	0.00017538354910943241
2300	0.000294958795481191
2301	0.00017538354910943241
2302	0.00017538354910943241
2303	0.00017538354910943241
2304	0.00017538354910943241
2305	0.0004960595875353742
2306	0.000294958795481191
2307	0.0007547660975051771
2308	0.00017538354910943241
2309	0.00039978803786872594
2310	0.0005864302405964455
2311	0.00017538354910943241
2312	0.0004960595875353742
2313	0.000294958795481191
2314	0.00017538354910943241
2315	0.00017538354910943241
2316	0.00039978803786872594
2317	0.00039978803786872594
2318	0.00017538354910943241
2319	0.00017538354910943241
2320	0.00039978803786872594
2321	0.00017538354910943241
2322	0.00017538354910943241
2323	0.000294958795481191
2324	0.00017538354910943241
2325	0.00039978803786872594
2326	0.00017538354910943241
2327	0.00017538354910943241
2328	0.00017538354910943241
2329	0.000294958795481191
2330	0.00017538354910943241
2331	0.00017538354910943241
2332	0.0006723606558102559
2333	0.00017538354910943241
2334	0.00017538354910943241
2335	0.0005864302405964455
2336	0.000294958795481191
2337	0.00017538354910943241
2338	0.0004960595875353742
2339	0.000294958795481191
2340	0.0015960777928420151
2341	0.00017538354910943241
2342	0.000294958795481191
2343	0.000294958795481191
2344	0.000986254174227849
2345	0.00017538354910943241
2346	0.00017538354910943241
2347	0.00039978803786872594
2348	0.0004960595875353742
2349	0.00017538354910943241
2350	0.00017538354910943241
2351	0.00039978803786872594
2352	0.00017538354910943241
2353	0.00017538354910943241
2354	0.00017538354910943241
2355	0.00017538354910943241
2356	0.000294958795481191
2357	0.00017538354910943241
2358	0.00017538354910943241
2359	0.000294958795481191
2360	0.00017538354910943241
2361	0.00017538354910943241
2362	0.00017538354910943241
2363	0.00017538354910943241
2364	0.0004960595875353742
2365	0.00017538354910943241
2366	0.00017538354910943241
2367	0.00017538354910943241
2368	0.000294958795481191
2369	0.00017538354910943241
2370	0.00017538354910943241
2371	0.00017538354910943241
2372	0.00017538354910943241
2373	0.00017538354910943241
2374	0.000294958795481191
2375	0.000294958795481191
2376	0.00017538354910943241
2377	0.00017538354910943241
2378	0.000294958795481191
2379	0.00039978803786872594
2380	0.00017538354910943241
2381	0.0004960595875353742
2382	0.000294958795481191
2383	0.000294958795481191
2384	0.00017538354910943241
2385	0.00017538354910943241
2386	0.00017538354910943241
2387	0.00017538354910943241
2388	0.000294958795481191
2389	0.000294958795481191
2390	0.00017538354910943241
2391	0.000294958795481191
2392	0.000294958795481191
2393	0.00017538354910943241
2394	0.0004960595875353742
2395	0.00039978803786872594
2396	0.000294958795481191
2397	0.00017538354910943241
2398	0.00017538354910943241
2399	0.00017538354910943241
2400	0.00017538354910943241
2401	0.00017538354910943241
2402	0.00017538354910943241
2403	0.00017538354910943241
2404	0.00017538354910943241
2405	0.00017538354910943241
2406	0.00017538354910943241
2407	0.000294958795481191
2408	0.000294958795481191
2409	0.00017538354910943241
2410	0.00017538354910943241
2411	0.00017538354910943241
2412	0.000294958795481191
2413	0.0012007327842267857
2414	0.00017538354910943241
2415	0.00039978803786872594
2416	0.0006723606558102559
2417	0.0013367718718512859
2418	0.00039978803786872594
2419	0.00017538354910943241
2420	0.00039978803786872594
2421	0.00017538354910943241
2422	0.00017538354910943241
2423	0.000294958795481191
2424	0.00039978803786872594
2425	0.000294958795481191
2426	0.00017538354910943241
2427	0.0007547660975051771
2428	0.00039978803786872594
2429	0.000294958795481191
2430	0.00017538354910943241
2431	0.00017538354910943241
2432	0.000294958795481191
2433	0.00017538354910943241
2434	0.000294958795481191
2435	0.00017538354910943241
2436	0.00039978803786872594
2437	0.00017538354910943241
2438	0.00017538354910943241
2439	0.000294958795481191
2440	0.00017538354910943241
2441	0.00017538354910943241
2442	0.00017538354910943241
2443	0.00017538354910943241
2444	0.00017538354910943241
2445	0.00017538354910943241
2446	0.000294958795481191
2447	0.00017538354910943241
2448	0.00017538354910943241
2449	0.00039978803786872594
2450	0.000294958795481191
2451	0.000294958795481191
2452	0.00017538354910943241
2453	0.000294958795481191
2454	0.00039978803786872594
2455	0.00017538354910943241
2456	0.00017538354910943241
2457	0.00017538354910943241
2458	0.000294958795481191
2459	0.00017538354910943241
2460	0.00017538354910943241
2461	0.00017538354910943241
2462	0.00017538354910943241
2463	0.00017538354910943241
2464	0.00017538354910943241
2465	0.00017538354910943241
2466	0.00017538354910943241
2467	0.00039978803786872594
2468	0.00017538354910943241
2469	0.0005864302405964455
2470	0.0004960595875353742
2471	0.00039978803786872594
2472	0.000294958795481191
2473	0.00017538354910943241
2474	0.00017538354910943241
2475	0.00017538354910943241
2476	0.0004960595875353742
2477	0.00017538354910943241
2478	0.00017538354910943241
2479	0.00017538354910943241
2480	0.00017538354910943241
2481	0.00017538354910943241
2482	0.00017538354910943241
2483	0.00017538354910943241
2484	0.00017538354910943241
2485	0.000294958795481191
2486	0.000294958795481191
2487	0.00017538354910943241
2488	0.00017538354910943241
2489	0.00017538354910943241
2490	0.000294958795481191
2491	0.00017538354910943241
2492	0.00017538354910943241
2493	0.00017538354910943241
2494	0.00017538354910943241
2495	0.000294958795481191
2496	0.000294958795481191
2497	0.00017538354910943241
2498	0.00017538354910943241
2499	0.00039978803786872594
2500	0.00017538354910943241
2501	0.00017538354910943241
2502	0.00017538354910943241
2503	0.00017538354910943241
2504	0.00017538354910943241
2505	0.00017538354910943241
2506	0.00039978803786872594
2507	0.00017538354910943241
2508	0.00017538354910943241
2509	0.0005864302405964455
2510	0.00017538354910943241
2511	0.00017538354910943241
2512	0.00017538354910943241
2513	0.00017538354910943241
2514	0.00017538354910943241
2515	0.00017538354910943241
2516	0.00017538354910943241
2517	0.00017538354910943241
2518	0.00017538354910943241
2519	0.00017538354910943241
2520	0.00017538354910943241
2521	0.0004960595875353742
2522	0.000294958795481191
2523	0.000294958795481191
2524	0.00017538354910943241
2525	0.00017538354910943241
2526	0.00017538354910943241
2527	0.0018419792407049155
2528	0.00039978803786872594
2529	0.00017538354910943241
2530	0.000294958795481191
2531	0.00017538354910943241
2532	0.00017538354910943241
2533	0.00039978803786872594
2534	0.000294958795481191
2535	0.00017538354910943241
2536	0.00017538354910943241
2537	0.00017538354910943241
2538	0.000294958795481191
2539	0.00017538354910943241
2540	0.00017538354910943241
2541	0.00017538354910943241
2542	0.00017538354910943241
2543	0.00017538354910943241
2544	0.00039978803786872594
2545	0.000294958795481191
2546	0.00039978803786872594
2547	0.000294958795481191
2548	0.000294958795481191
2549	0.00017538354910943241
2550	0.00017538354910943241
2551	0.000294958795481191
2552	0.00039978803786872594
2553	0.00017538354910943241
2554	0.00017538354910943241
2555	0.00017538354910943241
2556	0.000294958795481191
2557	0.00017538354910943241
2558	0.000294958795481191
2559	0.000294958795481191
2560	0.000294958795481191
2561	0.00017538354910943241
2562	0.00017538354910943241
2563	0.00017538354910943241
2564	0.000294958795481191
2565	0.000294958795481191
2566	0.00017538354910943241
2567	0.00017538354910943241
2568	0.00017538354910943241
2569	0.00017538354910943241
2570	0.00017538354910943241
2571	0.00017538354910943241
2572	0.00017538354910943241
2573	0.0
2574	0.00017538354910943241
2575	0.00017538354910943241
2576	0.000294958795481191
2577	0.00017538354910943241
2578	0.00017538354910943241
2579	0.00017538354910943241
2580	0.000294958795481191
2581	0.00017538354910943241
2582	0.00017538354910943241
2583	0.000294958795481191
2584	0.00017538354910943241
2585	0.000294958795481191
2586	0.00017538354910943241
2587	0.000986254174227849
2588	0.000294958795481191
2589	0.00017538354910943241
2590	0.00017538354910943241
2591	0.00017538354910943241
2592	0.00017538354910943241
2593	0.00017538354910943241
2594	0.00017538354910943241
2595	0.00039978803786872594
2596	0.00017538354910943241
2597	0.000294958795481191
2598	0.000294958795481191
2599	0.00017538354910943241
2600	0.00017538354910943241
2601	0.00017538354910943241
2602	0.00017538354910943241
2603	0.00017538354910943241
2604	0.00017538354910943241
2605	0.00017538354910943241
2606	0.00017538354910943241
2607	0.00017538354910943241
2608	0.00017538354910943241
2609	0.00017538354910943241
2610	0.00017538354910943241
2611	0.0004960595875353742
2612	0.0004960595875353742
2613	0.00017538354910943241
2614	0.00017538354910943241
2615	0.00017538354910943241
2616	0.00017538354910943241
2617	0.00017538354910943241
2618	0.00017538354910943241
2619	0.00017538354910943241
2620	0.00017538354910943241
2621	0.00017538354910943241
2622	0.00017538354910943241
2623	0.00017538354910943241
2624	0.00017538354910943241
2625	0.000294958795481191
2626	0.00017538354910943241
2627	0.00017538354910943241
2628	0.000294958795481191
2629	0.00017538354910943241
2630	0.00039978803786872594
2631	0.00039978803786872594
2632	0.000294958795481191
2633	0.00017538354910943241
2634	0.00039978803786872594
2635	0.00017538354910943241
2636	0.00017538354910943241
2637	0.000294958795481191
2638	0.00017538354910943241
2639	0.000294958795481191
2640	0.00017538354910943241
2641	0.000294958795481191
2642	0.00039978803786872594
2643	0.00039978803786872594
2644	0.00017538354910943241
2645	0.00017538354910943241
2646	0.000294958795481191
2647	0.00039978803786872594
2648	0.00017538354910943241
2649	0.000294958795481191
2650	0.000294958795481191
2651	0.00039978803786872594
2652	0.0004960595875353742
2653	0.00017538354910943241
2654	0.000294958795481191
2655	0.00017538354910943241
2656	0.00017538354910943241
2657	0.00017538354910943241
2658	0.00017538354910943241
2659	0.00017538354910943241
2660	0.00017538354910943241
2661	0.00017538354910943241
2662	0.00017538354910943241
2663	0.00039978803786872594
2664	0.00039978803786872594
2665	0.00017538354910943241
2666	0.000294958795481191
2667	0.00017538354910943241
2668	0.00017538354910943241
2669	0.0004960595875353742
2670	0.00017538354910943241
2671	0.00017538354910943241
2672	0.00039978803786872594
2673	0.000294958795481191
2674	0.00017538354910943241
2675	0.0004960595875353742
2676	0.00017538354910943241
2677	0.00017538354910943241
2678	0.00017538354910943241
2679	0.00017538354910943241
2680	0.00017538354910943241
2681	0.000294958795481191
2682	0.00017538354910943241
2683	0.00017538354910943241
2684	0.00017538354910943241
2685	0.00017538354910943241
2686	0.00017538354910943241
2687	0.00017538354910943241
2688	0.0
2689	0.00017538354910943241
2690	0.00017538354910943241
2691	0.00017538354910943241
2692	0.00017538354910943241
2693	0.00017538354910943241
2694	0.0005864302405964455
2695	0.00017538354910943241
2696	0.000294958795481191
2697	0.000294958795481191
2698	0.000294958795481191
2699	0.00017538354910943241
2700	0.00017538354910943241
2701	0.00017538354910943241
2702	0.000294958795481191
2703	0.00039978803786872594
2704	0.00017538354910943241
2705	0.00017538354910943241
2706	0.00017538354910943241
2707	0.00039978803786872594
2708	0.00017538354910943241
2709	0.00017538354910943241
2710	0.00017538354910943241
2711	0.00017538354910943241
2712	0.00017538354910943241
2713	0.00017538354910943241
2714	0.00017538354910943241
2715	0.00017538354910943241
2716	0.000294958795481191
2717	0.00017538354910943241
2718	0.00017538354910943241
2719	0.0004960595875353742
2720	0.00017538354910943241
2721	0.00017538354910943241
2722	0.000294958795481191
2723	0.00017538354910943241
2724	0.00017538354910943241
2725	0.00039978803786872594
2726	0.000294958795481191
2727	0.000294958795481191
2728	0.00017538354910943241
2729	0.00017538354910943241
2730	0.0006723606558102559
2731	0.00017538354910943241
2732	0.00017538354910943241
2733	0.00017538354910943241
2734	0.00017538354910943241
2735	0.000294958795481191
2736	0.000294958795481191
2737	0.000294958795481191
2738	0.00017538354910943241
2739	0.000294958795481191
2740	0.00017538354910943241
2741	0.00017538354910943241
2742	0.00039978803786872594
2743	0.000294958795481191
2744	0.00017538354910943241
2745	0.000294958795481191
2746	0.00017538354910943241
2747	0.0004960595875353742
2748	0.00017538354910943241
2749	0.00017538354910943241
2750	0.0004960595875353742
2751	0.00017538354910943241
2752	0.00017538354910943241
2753	0.00017538354910943241
2754	0.00017538354910943241
2755	0.00017538354910943241
2756	0.00017538354910943241
2757	0.00017538354910943241
2758	0.00017538354910943241
2759	0.00017538354910943241
2760	0.000294958795481191
2761	0.00017538354910943241
2762	0.00017538354910943241
2763	0.00017538354910943241
2764	0.00017538354910943241
2765	0.00017538354910943241
2766	0.00017538354910943241
2767	0.00017538354910943241
2768	0.00017538354910943241
2769	0.0005864302405964455
2770	0.00017538354910943241
2771	0.00017538354910943241
2772	0.000294958795481191
2773	0.00017538354910943241
2774	0.000294958795481191
2775	0.00017538354910943241
2776	0.00017538354910943241
2777	0.00017538354910943241
2778	0.000294958795481191
2779	0.00017538354910943241
2780	0.00017538354910943241
2781	0.000294958795481191
2782	0.000294958795481191
2783	0.00017538354910943241
2784	0.00017538354910943241
2785	0.00017538354910943241
2786	0.00017538354910943241
2787	0.00017538354910943241
2788	0.00039978803786872594
2789	0.00017538354910943241
2790	0.00017538354910943241
2791	0.00017538354910943241
2792	0.00017538354910943241
2793	0.0005864302405964455
2794	0.000294958795481191
2795	0.00017538354910943241
2796	0.000294958795481191
2797	0.0004960595875353742
2798	0.00017538354910943241
2799	0.00017538354910943241
2800	0.0004960595875353742
2801	0.000294958795481191
2802	0.00017538354910943241
2803	0.00017538354910943241
2804	0.00017538354910943241
2805	0.00017538354910943241
2806	0.00017538354910943241
2807	0.00017538354910943241
2808	0.00017538354910943241
2809	0.000294958795481191
2810	0.000294958795481191
2811	0.0004960595875353742
2812	0.00039978803786872594
2813	0.000294958795481191
2814	0.00017538354910943241
2815	0.00017538354910943241
2816	0.00017538354910943241
2817	0.00017538354910943241
2818	0.00017538354910943241
2819	0.00017538354910943241
2820	0.000294958795481191
2821	0.000294958795481191
2822	0.000294958795481191
2823	0.00017538354910943241
2824	0.00017538354910943241
2825	0.000294958795481191
2826	0.00017538354910943241
2827	0.000294958795481191
2828	0.00017538354910943241
2829	0.00017538354910943241
2830	0.00017538354910943241
2831	0.0004960595875353742
2832	0.00039978803786872594
2833	0.00017538354910943241
2834	0.00017538354910943241
2835	0.00017538354910943241
2836	0.000294958795481191
2837	0.00017538354910943241
2838	0.00017538354910943241
2839	0.00017538354910943241
2840	0.000294958795481191
2841	0.000294958795481191
2842	0.00017538354910943241
2843	0.00017538354910943241
2844	0.00017538354910943241
2845	0.00017538354910943241
2846	0.000294958795481191
2847	0.000294958795481191
2848	0.00017538354910943241
2849	0.00039978803786872594
2850	0.00017538354910943241
2851	0.00039978803786872594
2852	0.00017538354910943241
2853	0.000294958795481191
2854	0.00017538354910943241
2855	0.00017538354910943241
2856	0.00017538354910943241
2857	0.00017538354910943241
2858	0.00017538354910943241
2859	0.0005864302405964455
2860	0.00017538354910943241
2861	0.000294958795481191
2862	0.00017538354910943241
2863	0.0004960595875353742
2864	0.00017538354910943241
2865	0.00017538354910943241
2866	0.00017538354910943241
2867	0.00017538354910943241
2868	0.0014030683928754593
2869	0.00017538354910943241
2870	0.000294958795481191
2871	0.00017538354910943241
2872	0.00017538354910943241
2873	0.00017538354910943241
2874	0.00017538354910943241
2875	0.00017538354910943241
2876	0.00017538354910943241
2877	0.000294958795481191
2878	0.000294958795481191
2879	0.0005864302405964455
2880	0.00017538354910943241
2881	0.00017538354910943241
2882	0.000294958795481191
2883	0.0004960595875353742
2884	0.00017538354910943241
2885	0.00017538354910943241
2886	0.00017538354910943241
2887	0.000294958795481191
2888	0.000294958795481191
2889	0.00039978803786872594
2890	0.000294958795481191
2891	0.00017538354910943241
2892	0.00017538354910943241
2893	0.00017538354910943241
2894	0.000294958795481191
2895	0.001059335114073627
2896	0.00017538354910943241
2897	0.00017538354910943241
2898	0.00017538354910943241
2899	0.000294958795481191
2900	0.00017538354910943241
2901	0.000294958795481191
2902	0.00017538354910943241
2903	0.000294958795481191
2904	0.00017538354910943241
2905	0.00017538354910943241
2906	0.0004960595875353742
2907	0.000294958795481191
2908	0.0005864302405964455
2909	0.00017538354910943241
2910	0.000294958795481191
2911	0.00017538354910943241
2912	0.00017538354910943241
2913	0.00017538354910943241
2914	0.00017538354910943241
2915	0.00017538354910943241
2916	0.00017538354910943241
2917	0.00017538354910943241
2918	0.00017538354910943241
2919	0.00017538354910943241
2920	0.00017538354910943241
2921	0.00039978803786872594
2922	0.0004960595875353742
2923	0.00017538354910943241
2924	0.00017538354910943241
2925	0.00017538354910943241
2926	0.00017538354910943241
2927	0.00017538354910943241
2928	0.00017538354910943241
2929	0.00017538354910943241
2930	0.00017538354910943241
2931	0.000294958795481191
2932	0.00017538354910943241
2933	0.0005864302405964455
2934	0.0008342694578214646
2935	0.00039978803786872594
2936	0.003047180915423654
2937	0.00017538354910943241
2938	0.00017538354910943241
2939	0.00017538354910943241
2940	0.00017538354910943241
2941	0.00017538354910943241
2942	0.00017538354910943241
2943	0.00017538354910943241
2944	0.00017538354910943241
2945	0.00017538354910943241
2946	0.00017538354910943241
2947	0.00017538354910943241
2948	0.00017538354910943241
2949	0.00017538354910943241
2950	0.00017538354910943241
2951	0.00017538354910943241
2952	0.00017538354910943241
2953	0.000294958795481191
2954	0.000294958795481191
2955	0.000294958795481191
2956	0.000294958795481191
2957	0.00039978803786872594
2958	0.000294958795481191
2959	0.000294958795481191
2960	0.000294958795481191
2961	0.00017538354910943241
2962	0.00039978803786872594
2963	0.000294958795481191
2964	0.00017538354910943241
2965	0.000294958795481191
2966	0.00017538354910943241
2967	0.00017538354910943241
2968	0.00017538354910943241
2969	0.00017538354910943241
2970	0.00017538354910943241
2971	0.00017538354910943241
2972	0.00017538354910943241
2973	0.0008342694578214646
2974	0.0004960595875353742
2975	0.0004960595875353742
2976	0.00017538354910943241
2977	0.00017538354910943241
2978	0.00017538354910943241
2979	0.00039978803786872594
2980	0.00017538354910943241
2981	0.00017538354910943241
2982	0.00017538354910943241
2983	0.00017538354910943241
2984	0.00017538354910943241
2985	0.00017538354910943241
2986	0.00017538354910943241
2987	0.0004960595875353742
2988	0.00017538354910943241
2989	0.0006723606558102559
2990	0.00039978803786872594
2991	0.00017538354910943241
2992	0.00017538354910943241
2993	0.000294958795481191
2994	0.00017538354910943241
2995	0.0004960595875353742
2996	0.00017538354910943241
2997	0.00017538354910943241
2998	0.00039978803786872594
2999	0.00017538354910943241
3000	0.0006723606558102559
3001	0.00017538354910943241
3002	0.00017538354910943241
3003	0.000294958795481191
3004	0.000294958795481191
3005	0.00017538354910943241
3006	0.00017538354910943241
3007	0.00017538354910943241
3008	0.000294958795481191
3009	0.00017538354910943241
3010	0.00017538354910943241
3011	0.00017538354910943241
3012	0.00017538354910943241
3013	0.00017538354910943241
3014	0.00017538354910943241
3015	0.00017538354910943241
3016	0.00017538354910943241
3017	0.00017538354910943241
3018	0.00017538354910943241
3019	0.0006723606558102559
3020	0.000294958795481191
3021	0.00017538354910943241
3022	0.000294958795481191
3023	0.00039978803786872594
3024	0.000294958795481191
3025	0.0
3026	0.000294958795481191
3027	0.000294958795481191
3028	0.00017538354910943241
3029	0.00017538354910943241
3030	0.00017538354910943241
3031	0.000294958795481191
3032	0.000294958795481191
3033	0.00017538354910943241
3034	0.00017538354910943241
3035	0.00017538354910943241
3036	0.00017538354910943241
3037	0.00039978803786872594
3038	0.000294958795481191
3039	0.0007547660975051771
3040	0.000294958795481191
3041	0.00017538354910943241
3042	0.00017538354910943241
3043	0.000294958795481191
3044	0.00039978803786872594
3045	0.0007547660975051771
3046	0.000294958795481191
3047	0.0004960595875353742
3048	0.00017538354910943241
3049	0.00017538354910943241
3050	0.00017538354910943241
3051	0.000294958795481191
3052	0.00017538354910943241
3053	0.000294958795481191
3054	0.00017538354910943241
3055	0.000294958795481191
3056	0.00017538354910943241
3057	0.000294958795481191
3058	0.00039978803786872594
3059	0.000294958795481191
3060	0.00017538354910943241
3061	0.00017538354910943241
3062	0.00017538354910943241
3063	0.00017538354910943241
3064	0.000294958795481191
3065	0.00017538354910943241
3066	0.00017538354910943241
3067	0.000294958795481191
3068	0.00017538354910943241
3069	0.00017538354910943241
3070	0.00017538354910943241
3071	0.00017538354910943241
3072	0.000294958795481191
3073	0.000294958795481191
3074	0.00017538354910943241
3075	0.00017538354910943241
3076	0.000294958795481191
3077	0.00017538354910943241
3078	0.00017538354910943241
3079	0.00017538354910943241
3080	0.00017538354910943241
3081	0.00017538354910943241
3082	0.000294958795481191
3083	0.00017538354910943241
3084	0.000294958795481191
3085	0.00017538354910943241
3086	0.00017538354910943241
3087	0.000294958795481191
3088	0.00017538354910943241
3089	0.00017538354910943241
3090	0.00017538354910943241
3091	0.000294958795481191
3092	0.00017538354910943241
3093	0.00017538354910943241
3094	0.00017538354910943241
3095	0.00039978803786872594
3096	0.00017538354910943241
3097	0.000294958795481191
3098	0.00017538354910943241
3099	0.00017538354910943241
3100	0.00017538354910943241
3101	0.00017538354910943241
3102	0.000294958795481191
3103	0.000294958795481191
3104	0.00039978803786872594
3105	0.00017538354910943241
3106	0.000294958795481191
3107	0.00017538354910943241
3108	0.00017538354910943241
3109	0.00017538354910943241
3110	0.00017538354910943241
3111	0.00017538354910943241
3112	0.00039978803786872594
3113	0.00017538354910943241
3114	0.000294958795481191
3115	0.000294958795481191
3116	0.00017538354910943241
3117	0.00017538354910943241
3118	0.0009113196536078647
3119	0.00017538354910943241
3120	0.0007547660975051771
3121	0.0
3122	0.00017538354910943241
3123	0.00017538354910943241
3124	0.0004960595875353742
3125	0.0004960595875353742
3126	0.000294958795481191
3127	0.00017538354910943241
3128	0.0006723606558102559
3129	0.00017538354910943241
3130	0.00039978803786872594
3131	0.00017538354910943241
3132	0.00017538354910943241
3133	0.00017538354910943241
3134	0.000294958795481191
3135	0.00017538354910943241
3136	0.00017538354910943241
3137	0.00017538354910943241
3138	0.00017538354910943241
3139	0.00017538354910943241
3140	0.00039978803786872594
3141	0.00017538354910943241
3142	0.00017538354910943241
3143	0.00017538354910943241
3144	0.00017538354910943241
3145	0.00017538354910943241
3146	0.00017538354910943241
3147	0.00017538354910943241
3148	0.00017538354910943241
3149	0.00017538354910943241
3150	0.00017538354910943241
3151	0.00017538354910943241
3152	0.00017538354910943241
3153	0.00017538354910943241
3154	0.00017538354910943241
3155	0.00017538354910943241
3156	0.00017538354910943241
3157	0.00017538354910943241
3158	0.00017538354910943241
3159	0.00017538354910943241
3160	0.00017538354910943241
3161	0.0006723606558102559
3162	0.00017538354910943241
3163	0.00017538354910943241
3164	0.00017538354910943241
3165	0.00017538354910943241
3166	0.00017538354910943241
3167	0.000294958795481191
3168	0.00017538354910943241
3169	0.00017538354910943241
3170	0.00017538354910943241
3171	0.00039978803786872594
3172	0.00017538354910943241
3173	0.00017538354910943241
3174	0.00017538354910943241
3175	0.00017538354910943241
3176	0.00017538354910943241
3177	0.000294958795481191
3178	0.00017538354910943241
3179	0.00017538354910943241
3180	0.00017538354910943241
3181	0.00017538354910943241
3182	0.0005864302405964455
3183	0.00017538354910943241
3184	0.00017538354910943241
3185	0.000294958795481191
3186	0.00017538354910943241
3187	0.000294958795481191
3188	0.00017538354910943241
3189	0.00017538354910943241
3190	0.000294958795481191
3191	0.00017538354910943241
3192	0.00017538354910943241
3193	0.000294958795481191
3194	0.00017538354910943241
3195	0.00017538354910943241
3196	0.0006723606558102559
3197	0.0004960595875353742
3198	0.00017538354910943241
3199	0.00017538354910943241
3200	0.000294958795481191
3201	0.00017538354910943241
3202	0.00017538354910943241
3203	0.0004960595875353742
3204	0.00039978803786872594
3205	0.00017538354910943241
3206	0.00017538354910943241
3207	0.00017538354910943241
3208	0.00017538354910943241
3209	0.000294958795481191
3210	0.00017538354910943241
3211	0.00017538354910943241
3212	0.00017538354910943241
3213	0.00017538354910943241
3214	0.00017538354910943241
3215	0.00017538354910943241
3216	0.00017538354910943241
3217	0.00017538354910943241
3218	0.00017538354910943241
3219	0.00017538354910943241
3220	0.00017538354910943241
3221	0.000294958795481191
3222	0.00017538354910943241
3223	0.00017538354910943241
3224	0.00017538354910943241
3225	0.00017538354910943241
3226	0.000294958795481191
3227	0.00017538354910943241
3228	0.000294958795481191
3229	0.000294958795481191
3230	0.000294958795481191
3231	0.000294958795481191
3232	0.00017538354910943241
3233	0.00017538354910943241
3234	0.000294958795481191
3235	0.00039978803786872594
3236	0.0004960595875353742
3237	0.00017538354910943241
3238	0.00017538354910943241
3239	0.00017538354910943241
3240	0.00017538354910943241
3241	0.00017538354910943241
3242	0.00017538354910943241
3243	0.00017538354910943241
3244	0.00017538354910943241
3245	0.00017538354910943241
3246	0.00017538354910943241
3247	0.00017538354910943241
3248	0.000294958795481191
3249	0.00039978803786872594
3250	0.00017538354910943241
3251	0.00017538354910943241
3252	0.000294958795481191
3253	0.00017538354910943241
3254	0.00017538354910943241
3255	0.00017538354910943241
3256	0.00017538354910943241
3257	0.00017538354910943241
3258	0.000294958795481191
3259	0.00017538354910943241
3260	0.00017538354910943241
3261	0.00017538354910943241
3262	0.00017538354910943241
3263	0.00017538354910943241
3264	0.00017538354910943241
3265	0.00017538354910943241
3266	0.00017538354910943241
3267	0.00039978803786872594
3268	0.00017538354910943241
3269	0.000294958795481191
3270	0.00017538354910943241
3271	0.00017538354910943241
3272	0.00017538354910943241
3273	0.000294958795481191
3274	0.00017538354910943241
3275	0.00017538354910943241
3276	0.00017538354910943241
3277	0.000294958795481191
3278	0.00017538354910943241
3279	0.00017538354910943241
3280	0.00017538354910943241
3281	0.00039978803786872594
3282	0.00017538354910943241
3283	0.00017538354910943241
3284	0.00017538354910943241
3285	0.00017538354910943241
3286	0.00017538354910943241
3287	0.00017538354910943241
3288	0.00017538354910943241
3289	0.00017538354910943241
3290	0.00017538354910943241
3291	0.00017538354910943241
3292	0.0004960595875353742
3293	0.00017538354910943241
3294	0.00017538354910943241
3295	0.00017538354910943241
3296	0.00017538354910943241
3297	0.00017538354910943241
3298	0.00017538354910943241
3299	0.00017538354910943241
3300	0.00017538354910943241
3301	0.00017538354910943241
3302	0.00017538354910943241
3303	0.00017538354910943241
3304	0.00017538354910943241
3305	0.00017538354910943241
3306	0.00017538354910943241
3307	0.000294958795481191
3308	0.00017538354910943241
3309	0.00017538354910943241
3310	0.00017538354910943241
3311	0.00017538354910943241
3312	0.00017538354910943241
3313	0.00017538354910943241
3314	0.00017538354910943241
3315	0.001059335114073627
3316	0.0007547660975051771
3317	0.000294958795481191
3318	0.00039978803786872594
3319	0.00017538354910943241
3320	0.00017538354910943241
3321	0.0004960595875353742
3322	0.00017538354910943241
3323	0.00017538354910943241
3324	0.00017538354910943241
3325	0.00017538354910943241
3326	0.00017538354910943241
