126	2297
8546	13941
2125	5073
1380	11187
2217	4604
4111	4288
1913	2673
3202	4045
994	14273
2205	3202
255	892
53	629
1544	3878
1898	14532
790	4589
1254	4323
776	2343
2461	2462
710	11927
3824	6055
410	1639
6024	15800
21	205
4541	7177
3300	4588
5887	8715
954	2962
7374	9115
3399	8185
5667	6350
5309	5310
142	1812
4141	11099
2297	5239
2466	3717
1290	7697
1795	13399
269	6347
3785	18092
7101	9866
5007	14175
2236	9264
3469	4473
6455	10547
6995	7488
8	1471
1109	2561
5641	8967
1207	3914
9202	9733
9381	11534
412	8379
1258	14656
4673	5300
120	1205
3169	10295
2631	3794
1308	13170
8546	8964
2168	9149
1022	5706
4572	13489
2299	4765
4157	13646
2151	3135
1205	8231
1045	9069
4006	7768
2290	8597
5966	6303
6544	11102
7362	9639
1629	4449
1057	8672
969	13700
4804	7276
4618	7807
843	11294
478	1424
18	1377
3097	5936
4474	6743
1846	5759
2688	6914
1010	5383
32	7661
790	3938
1868	2586
4914	4915
768	5340
1306	3841
3883	7498
1929	2944
5885	8795
1275	5758
4760	11381
516	3076
357	17052
4953	6179
267	11031
1799	8477
1378	2167
7205	8409
1766	5763
73	1026
4430	14423
2478	9570
78	8085
957	6789
2424	7343
583	7291
1880	14002
119	2090
1944	12318
1680	11931
6219	13743
3088	5154
9209	14740
478	9528
5954	14803
355	3079
1289	1730
1913	4620
7036	7989
1332	7066
444	513
741	2706
6842	14483
7031	7032
210	4837
1092	7378
333	2302
7610	7717
5386	7042
2159	8192
4488	9694
2168	12330
904	3208
1011	8348
4273	5450
7181	12758
740	5133
1175	1288
3714	6297
257	616
2156	11581
1959	11719
3553	10294
175	4429
718	2024
92	2317
5626	5928
6424	6425
4662	15148
36	10650
1060	11802
66	1171
2631	10549
3722	15984
1563	2682
795	3300
3190	5423
47	3867
1927	8153
2950	2951
7547	11224
5942	7516
3434	5408
5802	12937
5814	6082
2842	8743
5927	8091
267	6276
3465	15685
69	1282
218	1768
2829	12794
1156	4357
4123	6099
2636	5122
53	3829
1121	14402
2026	2320
235	6859
539	10786
2641	2642
1523	9677
5624	9035
524	3290
2532	9670
6261	12641
2493	3064
872	12671
798	7114
4385	4757
833	6057
1026	6227
3391	10847
1153	4985
3694	8573
1593	10856
798	5052
924	3631
1045	11873
1096	3841
4261	10707
8928	8929
3654	4927
1718	1719
446	2752
5623	7233
982	8220
2768	7645
2571	3705
671	7212
3624	3625
142	11263
9926	12215
750	16428
1169	16804
598	2543
3408	5948
2651	8047
3336	5344
2633	15246
2959	4561
1067	1445
2357	8572
3983	5265
1795	9947
5993	7886
7229	13279
923	11269
426	12229
1231	11741
2468	6989
442	4131
299	2678
1510	11797
32	3965
166	1592
1563	12139
790	2954
1490	6802
1150	7328
3388	4876
2671	3612
2152	4834
2934	3517
4292	5263
1400	6822
4755	13153
1317	1865
1556	8320
6939	8053
229	2406
4473	13380
1177	12500
450	6448
2270	13463
2666	2985
6031	10834
2567	18201
1944	2108
1403	8342
407	1342
6179	7473
1369	2964
345	8604
1386	4713
1737	2647
335	3804
4788	7700
828	3280
2094	8427
1928	2537
261	7107
1830	6537
3063	10541
2613	5881
5939	5940
650	12893
5440	7217
1722	12555
2589	2831
864	2789
3513	3514
2449	14885
3031	11311
712	9621
3513	10810
439	1588
3667	6465
2	5283
1690	5354
3000	7670
125	1137
718	719
422	2493
1839	1919
452	921
685	1379
6145	8546
206	2399
2149	6489
5441	8026
86	2278
1593	14065
48	7540
775	3423
930	5776
5283	12310
2786	16420
8498	8585
414	10911
2155	8432
64	9329
6592	10596
4176	8728
940	2139
205	467
2448	3426
5333	5727
963	6276
550	3471
976	9009
4169	6642
2343	2423
1620	6912
996	11783
250	1736
5105	6348
609	2227
3992	7234
2441	2442
5209	8719
1230	1641
3743	5483
9275	10800
3029	6932
485	10649
1773	3794
3871	11473
4006	15485
5531	5827
118	1302
934	1876
228	294
690	2299
5012	5532
6427	9863
2028	5226
3473	9590
1060	9863
1695	11388
1015	11839
1850	11303
415	2150
1967	5558
2665	3388
2075	2704
2338	3114
5193	5201
1276	11648
3694	6191
2973	3810
2510	5767
1028	4266
167	381
14175	15072
2017	3417
1882	5529
5465	5489
1054	1055
4698	10147
1530	2089
20	2104
461	1375
385	4742
1292	6967
86	2797
245	3662
3895	7581
1547	1548
226	1629
817	6644
70	4882
489	678
2748	9835
2168	9073
2600	18658
5834	10767
261	374
1236	5097
2255	5593
5848	9482
4933	13061
154	1641
3644	8180
1738	1739
1769	3684
5177	10268
620	2220
757	4159
1553	1736
693	1903
119	3488
2716	4514
8091	14615
2761	13044
491	3877
94	2241
1692	6239
292	2898
1217	2501
545	6443
2439	7157
2139	4951
974	11532
933	2315
2234	5085
932	2506
5216	14422
74	11104
1362	10207
652	2706
2392	3993
444	5327
1170	1793
5584	9415
3032	10533
263	11989
17	8289
6830	10548
1296	10860
2384	4039
1957	9581
1153	14929
1716	5811
255	8116
384	7773
2108	2823
1065	13415
446	5754
141	15071
4599	10146
1877	3441
1533	4588
979	3850
794	2355
168	3208
70	2741
206	9285
3152	16427
621	18114
5599	11269
924	10138
1758	9900
6740	7031
226	914
4229	5500
1943	4330
1266	4780
2240	9631
1275	3405
428	9763
205	2232
898	5633
1431	3271
1466	2197
7101	10658
1898	2780
1344	4483
3501	5655
423	3705
64	4874
909	7078
6336	6337
1274	3804
1171	3174
361	362
2541	13820
690	2570
3727	5613
9216	9217
7000	14812
2201	6426
3441	4390
5619	8074
7303	16636
1676	12058
1692	5054
4010	6654
1207	5838
259	260
168	957
2631	4606
1458	3155
4112	4931
99	11218
3479	7024
3125	8390
4079	5273
4719	5973
1867	2865
1919	3336
255	7608
7143	11802
64	2434
4895	4896
852	4866
1041	2066
7205	7206
1611	3748
1513	2953
1003	9835
1327	7822
461	11398
198	15583
690	3553
2512	4638
5596	5597
517	1302
4152	5641
476	3138
4824	5774
5442	16554
3422	4121
5168	9643
688	7555
379	2571
1433	5185
3736	7757
3705	11931
7263	10364
2094	5273
112	1424
445	13550
2375	9866
291	2953
2933	5529
2139	8379
627	12375
823	840
4942	10041
864	4225
3594	7409
623	1909
1098	4974
5379	8965
589	1640
710	9276
776	1442
1431	5525
932	1087
176	6754
180	3279
872	11218
2380	2782
163	6624
3731	7018
958	1083
4652	7106
633	3142
3574	3575
217	16270
4157	5863
4275	6176
5273	5501
2760	17102
1411	1894
3277	3278
902	7457
5358	8896
1754	16496
3685	12824
206	4453
790	6438
1534	2302
2263	4043
1604	5708
5156	6374
4181	7411
3982	4357
1955	11662
1779	4527
1011	6944
3073	4223
865	2054
154	2081
3497	6652
963	7540
14365	15205
1799	3174
1397	2558
1512	2856
3675	5691
3407	7691
497	5872
4831	5154
3798	4445
290	8182
3019	6389
1332	6276
950	1494
6455	8015
286	4589
153	11172
802	6449
1071	5194
3255	3801
2681	3478
474	3174
1115	2988
1176	7031
6160	10134
4358	5840
3023	9862
1684	3067
1759	10545
1565	3319
4143	4225
3163	11826
3585	5374
6688	12822
2706	11427
1026	1599
1510	1875
17	4247
737	738
932	8133
1513	6761
147	16378
8938	11670
6342	8672
5387	13841
5519	11919
382	4043
5704	9963
3802	4346
2408	4784
2768	4180
1957	10010
3962	13287
864	7705
5937	8487
1681	4043
1296	8029
1381	4472
2217	8134
1113	3408
2062	10954
230	595
2753	12661
668	7133
1173	9073
1867	7770
5442	9101
3676	4152
418	8028
1578	2064
2708	5012
8762	12835
2482	5362
2252	3010
1692	5642
7217	18882
344	7567
3555	4458
7058	7355
706	9943
2506	4277
1222	9552
201	299
5719	10206
1045	4485
587	874
398	15547
985	3228
258	1597
452	18074
4353	4951
4498	7930
3055	15072
4294	10331
142	4214
1004	3487
893	3535
1155	3927
4548	15770
287	12436
1310	4254
1352	4152
489	1302
4185	6049
5246	11596
827	4152
2175	10769
1569	1570
5339	8313
1317	3308
4058	15794
239	3174
3464	7205
1696	4323
2789	7256
1087	3129
152	912
914	10825
776	849
396	1180
881	4316
1934	6528
6453	6454
2051	9520
2497	12632
7913	14088
2731	6912
444	2078
539	7129
1644	6779
1236	14158
5081	8563
2689	3633
467	5117
54	1078
4725	5167
3055	7238
1867	5605
192	13946
3108	3527
93	2098
2619	6058
1410	1578
32	195
5954	13862
4518	7653
2197	6967
488	637
1647	10089
2607	2706
1867	14538
829	6668
1737	5671
5278	7981
2631	12543
1301	5157
1463	5019
2124	3899
104	4282
1317	4056
656	657
14	4043
1531	6373
1274	9954
1377	7936
864	1142
1116	2963
497	4079
2485	5420
319	1315
2944	3828
6903	7698
2154	16682
1174	3711
570	1056
10209	13567
2513	5117
1737	7108
1592	4907
3163	6615
828	2018
746	1336
4639	5243
170	15915
1457	10025
2301	6410
489	8996
710	13310
864	3513
6660	6679
3472	11277
4642	12034
53	1899
2336	3361
5765	6663
355	17179
322	2823
4227	13788
1542	2339
1697	9731
1577	1578
2165	12520
725	2362
3	1283
3653	15379
6498	11234
912	8342
1326	1327
182	1057
572	6941
7238	7931
6223	7473
259	3740
2034	4077
2066	2380
1709	9741
750	5105
864	8251
607	1445
142	8281
8478	12488
329	490
523	4098
1496	3044
623	6426
220	2311
18	13695
1814	6239
740	2182
4179	11173
920	5465
1750	8447
3577	13349
488	6182
5523	12875
1644	3174
294	1708
345	8152
5693	6863
3442	10469
3036	4343
99	2957
4158	4658
828	1768
94	573
5279	6592
3799	3848
3058	7316
769	4714
2152	8530
202	678
1040	4390
8806	8807
4448	8692
2688	8114
4743	5206
72	659
38	3081
3325	9357
1927	14061
843	13996
4381	5128
1239	1240
291	1467
2689	4101
139	418
6094	12809
5971	9039
4044	12622
1076	1077
1650	2194
1608	6544
5220	5529
2379	3558
1655	14306
1620	13209
819	1332
2441	18577
2495	4606
996	6166
5194	5195
2819	11349
9844	14985
313	3339
911	1170
224	1440
1190	2669
394	5370
287	1445
163	13258
2908	8222
4445	12153
1067	9722
1978	9746
2120	2251
218	275
1962	6640
2013	4176
1522	2099
1362	9655
1156	7440
1323	11033
1551	2858
2528	8967
740	2647
1162	1163
1427	7124
9978	13459
4002	10496
139	3532
503	5468
514	1221
1592	2161
3495	9942
773	2842
1272	18537
554	3644
3797	11826
5497	13672
327	864
2681	4935
4534	17177
4781	7098
355	7410
671	5904
1266	4429
5805	7108
5874	10291
292	7448
2683	8590
1650	8656
2638	13416
1101	15033
1793	7473
11651	13416
1169	2906
2217	3422
853	12676
1406	4424
766	2197
6427	10656
492	917
1323	1768
12285	15867
3643	5241
1580	18464
2556	7214
367	12953
82	724
449	4163
4153	5655
407	1325
444	1267
218	8203
8744	14141
1867	12274
7186	17529
3755	11840
2430	4008
2265	6179
3748	10020
2847	4942
1028	9105
4821	6149
605	11248
5596	13608
5170	5908
444	2953
219	1600
919	9226
1374	2775
492	7284
1799	4502
3289	6476
3207	8616
442	11645
2192	6633
7476	12949
7017	8714
17	10984
1561	3757
1620	18048
8133	12485
1190	1572
1087	1282
3469	7084
3577	3668
912	4812
1092	8116
3558	16209
3203	11473
323	7329
1026	16586
2692	4298
3981	9710
359	475
2703	5220
142	824
1750	8185
4719	4720
112	8899
491	2408
1503	7195
394	10043
93	3757
1650	9507
1744	10410
6672	7553
313	7219
3681	5000
119	5724
1617	5706
1892	15082
405	8732
3142	6899
3097	5385
444	999
4355	5095
3867	3868
3796	4392
1463	3816
211	503
790	4017
2097	6784
800	801
1708	2723
2062	11301
2328	4329
1045	1401
7535	10089
763	11432
1275	2752
47	12330
1667	1714
2574	5846
202	7526
13120	13272
7238	18125
3926	6430
864	6730
820	864
1095	3745
735	4167
4760	9023
1207	5733
1465	5648
3742	4790
1503	1882
5111	6101
248	2547
497	1146
2958	7669
969	1983
1086	1883
5979	10229
4399	7319
4020	4308
7084	8551
12156	12925
1275	4293
2013	5640
3113	6489
672	6361
1575	2149
3406	4211
2072	11828
450	828
257	496
3572	14407
790	13509
224	11573
291	5256
1548	1971
1903	5383
11209	11210
2571	2956
1137	3095
3900	5036
1401	3532
185	7176
1137	9451
2734	4448
2080	3468
3190	7289
2392	3471
11309	11310
250	1554
493	1274
2445	15819
478	12116
2896	4595
3058	3059
5134	5293
9125	11129
5926	6627
437	6058
1437	7066
17035	18449
1266	3997
3592	3593
4149	12260
6333	7047
942	943
423	3417
6342	12301
627	5916
795	4063
12877	18234
4202	4953
1207	4738
807	4337
7108	12978
1894	5409
5598	9508
7230	14952
576	5295
2293	5722
444	3382
108	14492
848	1251
1522	7123
4733	9860
188	9837
403	12886
4390	15360
872	7015
413	1839
996	1214
1846	3230
142	175
3710	7899
2099	5640
100	7696
467	4218
1400	1401
1180	4866
8026	13397
1977	2644
2638	3990
1471	3225
670	2919
255	4485
6906	9728
2067	5775
4678	5729
1503	7708
2916	3356
286	1452
5638	8934
1855	1856
2760	4468
923	2133
445	1395
2418	9382
6480	17263
5295	11268
517	2168
765	2860
2558	4631
444	2675
4304	8271
6468	12059
6752	16714
621	4502
891	10694
1033	2344
2688	11573
4316	4317
8335	10382
1295	3089
285	9968
1088	2493
2681	3921
1962	6045
968	3337
1556	7884
388	11873
2315	6239
4660	11835
3999	17910
4237	12228
916	6113
2116	14466
3599	10217
2469	11593
1034	14428
497	924
1930	5087
5471	6976
2684	4483
2694	13746
1345	16789
2443	5934
790	7084
913	6842
1617	10856
394	11456
6410	12426
206	2792
438	517
264	6659
5628	6356
627	6649
126	10073
142	1026
1527	14905
1628	8068
8276	11548
1680	1799
1544	12582
2365	13248
1034	3240
5473	6487
1793	7139
3917	5451
622	3266
1032	9349
1233	9570
7084	9120
973	1321
2962	4796
570	15636
2062	3635
3965	4537
578	6934
4562	12627
2034	3123
3695	6422
1575	4045
1393	9814
899	3929
1016	5451
5647	6448
2599	12017
4470	5665
2956	8064
857	10586
201	2432
3	924
882	5368
589	11532
68	12625
1413	1465
3133	18244
519	864
691	9111
4557	16201
444	1696
8744	13594
498	5328
1793	7504
3895	8765
7476	8984
710	711
2231	2423
4149	15816
3072	5488
2465	3834
56	3049
1288	9625
3317	14193
3577	7678
179	540
2089	2760
1647	6518
2094	7935
286	4600
851	1232
2297	2781
1067	4636
1074	9369
2363	2748
4229	12594
206	286
741	4316
3550	9819
1783	4043
4143	7488
4683	6426
6579	6580
1673	5133
275	8100
623	1452
1454	1695
3189	15639
92	6839
1157	2172
7562	12009
5777	5778
4430	8085
1379	9168
497	4071
2776	7124
10568	11388
2751	4579
6665	8601
2606	6902
387	3798
789	13663
4570	8460
375	446
2928	10173
672	6217
1806	11375
570	1360
5392	9226
4318	5138
974	7513
2152	3049
1780	17092
768	2233
1454	3737
1253	1510
864	2898
6446	10098
1699	2389
86	2333
3445	3446
1488	1534
539	7722
2744	3714
5907	15827
3300	7988
207	4010
240	6892
487	863
445	1171
3947	5043
1440	7129
621	787
2503	2916
1182	3950
3428	6876
769	1390
612	1156
1163	8482
523	524
2174	7389
1882	7919
1412	6189
1722	3866
4150	4337
1286	10455
998	5667
3552	6265
2018	3417
5239	5240
3548	3765
5834	9447
10444	10445
1613	17017
1340	3227
1685	5051
3167	7952
6460	7101
6936	15358
205	1969
547	2540
1106	3796
3694	8460
1812	2922
3216	5478
2270	8145
497	1459
1978	13511
604	5608
5025	5026
4683	5902
6902	12030
4774	7154
2336	11948
3036	10949
4337	11810
2182	10526
700	11082
1980	16148
4422	4998
886	5772
1990	8887
3653	6828
3308	4572
989	3745
1797	14595
1598	2099
1593	12477
3631	8719
5154	6247
6591	8671
4157	6955
1871	7469
1342	6802
2893	4857
4756	15858
2740	3172
11357	11358
1650	14602
2862	3718
3642	3709
1549	4569
2961	3443
3812	4131
1083	3290
4106	5996
765	7925
5465	5695
4742	13530
96	5586
830	2423
416	1342
1681	13437
2238	5120
315	7542
126	3260
2689	5699
7759	8566
880	9111
991	5955
349	1930
273	14098
1484	4843
1779	11038
4237	5445
1486	15317
558	3542
1604	1605
8534	13889
4464	6115
967	5526
1737	2819
416	2956
1382	3954
3754	12650
3388	15149
1153	12058
2758	2759
3798	4512
5555	14542
138	4167
1588	1589
5945	11779
1505	3505
5711	11134
4907	4908
4338	5402
1212	1799
3768	7412
2094	13332
3815	7123
900	2170
2064	8590
1209	2589
5133	5890
2440	7328
1583	1850
1282	7369
355	2112
4152	8077
218	1025
9595	9596
8382	11824
706	864
6277	8478
1867	14321
4852	10348
4720	15887
496	15792
37	3456
2125	7621
64	3182
1768	2973
3971	8368
115	17452
691	11535
207	267
2967	3408
872	5583
286	4362
58	4089
2507	3003
1943	16713
449	1274
2467	2468
3190	6278
3649	11625
987	988
605	4606
3120	15082
7477	8984
871	4752
502	2148
292	6206
439	2081
490	1984
4400	12504
6206	7396
2602	6017
1938	1962
3371	7237
4564	12508
2111	8570
3946	6149
1876	3441
4577	5773
2120	11101
1656	6521
7421	12502
2106	7033
9900	10864
1254	2675
2779	7226
900	7709
798	6746
6501	8032
1339	5539
410	1365
2438	6994
5670	7893
1305	8779
426	5452
2512	3143
3011	16814
6239	8827
2036	7586
636	3281
4485	4719
1557	1956
2663	9818
2647	4915
1283	2671
4128	6412
2234	5729
1199	6950
1737	3422
306	2297
2062	10774
3545	7291
1316	7706
1394	5699
3454	4869
2535	5976
1958	4180
6471	8671
3067	5047
2689	8839
1816	10815
4388	16748
3006	3012
6992	13693
1260	1949
696	948
4579	6113
3743	3810
909	14482
2365	11907
179	15344
2338	5643
217	7066
966	6982
1323	6231
4213	10736
7125	7999
202	4717
1696	14582
1989	2695
1138	5993
1410	2618
1290	1768
255	864
2143	4460
6287	6907
827	3559
771	4545
47	1947
261	9811
2403	4027
1055	3687
2708	5836
4572	7706
5492	5585
525	4361
2760	3101
5340	11621
974	6581
1586	2231
3946	3947
829	2689
317	1067
8141	12009
746	6231
568	3361
7247	8781
418	2726
3710	3869
2189	2726
484	2226
3058	7973
4481	7549
1054	3967
1149	2493
5967	5968
444	11013
394	12746
3727	3728
206	828
823	1248
496	1410
4239	4382
2860	4196
6717	8334
2544	6436
2475	3810
1666	9187
568	4834
6485	10222
784	6972
2884	3019
789	1248
278	1384
273	3231
108	1592
5108	5402
3754	16408
481	1816
1544	3950
3466	3467
1600	16061
1598	3361
741	1802
2246	4780
2412	4899
1041	1302
478	2335
1103	8043
2952	9848
4002	9657
360	3705
4409	4410
1628	6523
5274	6077
2503	13831
3379	8577
344	3853
467	3072
1512	1644
872	5743
476	3422
44	45
3061	7696
441	13851
1919	11316
1078	1769
1877	5201
239	3684
1714	14134
2571	2957
712	713
444	519
1142	4265
5475	11215
7383	10867
9336	9337
149	3773
345	5830
771	11447
2914	7795
4869	6902
1115	2675
4030	4031
377	5327
525	9640
475	7769
4988	9563
1451	2066
3575	11557
175	537
506	16293
837	1417
1892	4680
2515	2675
202	17279
326	796
3705	11723
526	2389
856	1078
1702	3082
2796	2987
1084	14663
321	2259
201	887
3036	4023
3757	3824
1284	1317
3667	14537
1960	2582
56	9257
886	2687
3515	3878
685	790
5509	5510
2609	6807
693	1149
3956	5327
1088	1450
160	326
1631	12457
4058	14593
1447	2365
2323	4137
2535	3475
136	11064
8134	16704
1488	4699
900	14476
380	5627
478	6053
839	7312
496	10222
301	302
1153	8447
322	2734
2072	11770
790	11645
5844	7444
3167	5610
6647	8777
2776	3589
3031	5409
746	4468
11996	12339
1276	7501
905	1848
2424	6914
514	4326
3509	4128
1915	8928
2216	8291
916	13414
2174	7504
848	5354
965	1838
937	8531
2836	15062
24	3325
3064	4983
6168	13512
4162	12139
1175	3950
790	1633
1028	6198
2681	4936
5038	6845
637	1048
458	8210
2182	2183
1696	2675
6305	6832
900	1255
18	16154
142	12645
1489	1490
1929	3151
4152	4316
418	1159
375	3289
769	5792
2679	10386
1072	7620
1876	6449
300	887
5220	11811
6771	9396
776	6731
2066	2269
3223	3224
1004	2393
1182	1288
3135	6461
121	1667
652	9688
4315	5658
4768	9408
2647	15144
957	4315
1116	9285
4993	10115
896	2943
7116	7117
1255	2188
1593	15023
2072	10291
6338	13709
3311	8783
675	5714
2922	4780
4073	9041
550	13871
1094	2246
26	10740
2430	10198
3599	3600
2485	2522
1553	1554
11269	11548
3498	9044
2072	18561
336	2469
525	8480
1465	4429
934	5767
2688	3197
1599	2302
1304	1962
973	3757
94	10108
378	731
3386	4438
4678	7535
1393	5017
2009	4314
2045	2834
6703	10946
2060	16623
1800	5772
7341	9303
92	1088
3509	4043
277	278
6725	7482
99	5661
2397	8726
766	973
974	9864
4435	10263
2165	12260
1557	14161
1664	10705
4237	12003
698	1696
454	9860
2697	4101
478	6006
3075	4866
5887	6483
2443	4236
3592	7016
250	1737
1697	2365
1121	8181
139	2801
3484	11381
593	1379
1144	1515
180	5380
4043	9606
2574	3629
4944	15229
484	7824
2511	3845
9144	11819
8027	9198
2625	8882
16	3190
950	6834
8984	9757
3195	12730
1065	12954
1882	2290
8897	9894
2957	5645
6767	8580
1329	6829
1374	4176
4237	18556
379	911
235	3633
4043	6207
2952	7112
776	5872
3249	10785
1680	2399
1323	2818
215	10429
1759	2158
1251	9170
292	596
1028	9826
1284	4153
487	1891
640	8485
2426	3145
7328	13560
6342	10996
2152	5964
2760	3368
3015	4905
1077	10719
2682	4796
4027	4700
808	4475
29	700
5205	6478
2393	6058
449	2089
1074	15075
2127	6361
636	7129
2175	14180
76	2893
433	4387
4739	5872
2689	12887
3605	12278
1855	13014
908	2493
3280	10189
426	1093
1111	1900
1746	6784
20	3417
3056	3679
394	6861
539	12940
999	7238
1294	7480
911	1004
505	4258
1371	2378
2520	9314
1913	3876
678	6227
1892	8396
2794	13917
3795	6422
4483	9582
3810	6627
6906	6907
7278	10732
200	3114
32	5805
2528	3260
3399	10998
2510	7600
2209	10727
86	2694
3748	6807
252	12822
3013	3792
68	11654
491	4951
525	2018
217	1211
2869	6781
200	2409
1622	10442
3747	11031
2903	6292
803	2022
882	9412
1816	5758
3218	9073
8608	13665
925	1146
5471	14812
8919	9661
2319	11220
2618	4537
2638	18581
3867	6829
6026	8916
73	4618
62	4480
1302	6721
5191	7889
828	5700
6085	7549
476	5927
1833	3562
864	3581
1598	4502
178	4474
53	2647
2304	3324
94	5510
487	900
9	1453
4579	11727
790	9978
2834	7690
1839	4436
794	939
8679	13078
1375	4856
2869	4149
2854	12037
403	7691
4587	12732
14	2496
487	1442
2374	6424
5270	19122
2120	5402
245	646
1838	4874
487	3149
1461	3546
3741	9577
321	11648
2391	4943
5714	9477
2631	4869
478	1253
525	4974
175	1683
2375	8517
3560	6070
1052	3260
220	11808
1929	3829
1072	2459
817	11555
2144	7225
4314	18593
514	4443
2388	2625
256	426
5593	7319
1771	7586
21	2956
3299	5237
507	2167
1722	12992
3503	13851
2969	5108
1603	7725
191	2731
2478	2570
32	1587
2207	4316
1599	1876
3983	7268
5874	6717
7985	10179
2829	4717
7378	7535
168	3823
524	958
3085	14474
9501	13630
2389	6704
2606	2631
3163	12494
2789	9788
621	6387
496	14532
98	3714
5389	5674
2336	5269
1401	6265
864	9022
6001	7540
1806	2960
1338	7214
3812	3813
837	12966
2669	5652
976	8984
4236	5611
4071	10502
7347	8934
3036	7319
426	2685
3276	5333
1084	1622
978	14444
126	12433
1959	14515
475	3714
4388	6257
1488	4765
869	3107
3441	4989
601	15072
826	3266
1491	3990
1853	3401
2916	10752
12828	12849
3738	4218
629	3699
377	10504
503	8692
11121	14077
5295	9621
3833	9988
5182	10333
1867	7274
2169	4579
711	3484
1593	5882
175	5468
24	5615
285	520
1173	2957
59	6206
7653	15550
3279	9158
416	1247
3925	8031
1592	4179
239	4316
735	8673
2919	4237
1427	11294
3928	4973
2064	8980
1060	5792
2201	10414
292	351
2411	11218
1593	1922
496	3557
1177	1801
932	12310
6425	9857
6364	9077
1110	3717
1374	3247
2224	12072
1045	4678
6017	6878
64	493
2990	5657
2367	7894
2233	13709
4308	11922
3939	8774
2083	3644
659	1217
15	1245
68	5204
7174	10836
5121	17531
344	2779
2479	5133
3352	16931
219	3415
1907	7134
2540	8692
3957	5658
4393	4459
1251	8846
4720	11827
3051	4223
180	3815
3097	8764
502	2540
2967	2968
1479	1550
477	3853
2524	4025
3709	7985
54	9764
2197	3738
217	12252
1561	1562
2	2778
2647	2780
7421	17456
2283	3845
2633	5728
416	1056
292	2789
1040	9613
8975	9849
270	1598
5513	9404
235	5754
4128	8637
245	2091
435	858
1672	3140
496	5204
3419	15246
1275	3825
2567	3179
2296	4080
848	6570
294	4537
235	5263
5120	14024
1161	1180
3290	3641
2810	15851
4010	4447
1413	3745
3345	4800
286	6168
294	1258
1058	1471
3985	6537
2563	12248
1243	3365
1222	16960
6413	10016
4211	9505
1045	14220
6435	10186
5619	9080
4102	6545
996	17715
1003	5645
1356	12728
637	3689
3845	7817
1330	1600
271	716
433	7108
1943	1944
206	6264
2197	4468
932	3422
6268	11030
987	6187
656	9415
294	617
6772	6773
70	148
1491	14679
1924	2454
1334	8870
1898	7402
5709	9785
2795	11671
426	4869
3796	4304
3163	3674
5333	11041
185	1614
386	7909
3515	9920
3935	4733
1254	4552
6874	16848
93	3016
4803	5380
1551	10288
489	2369
2602	7212
2186	4141
1633	3006
1530	2513
2679	2876
725	1881
5059	9070
6194	11053
4412	7473
3821	4892
2023	2024
4683	4684
175	2004
24	1666
2781	3828
5338	8531
206	17616
2086	15885
5900	7871
5338	5711
6402	12502
2943	3150
7027	8753
3152	4292
2141	10372
126	6497
5112	18429
5239	10126
32	14473
732	1928
2721	13590
4933	8827
3802	16195
5963	5996
971	14816
4392	4393
4017	5673
2216	2217
904	5615
476	1483
539	10804
2833	7374
5261	9187
2746	5073
1385	9946
5833	6523
1889	5534
4479	5327
685	13932
966	11189
1968	12330
2618	4326
808	6851
7893	8574
3887	9036
2159	5078
1464	9677
5972	5973
410	1872
1381	9981
403	1450
760	16156
924	11245
3129	6445
3841	5777
1567	8603
857	18710
1495	6031
5546	10962
1768	4448
790	4608
277	7432
1394	1704
2413	2414
345	6565
343	10687
2309	3455
2287	2288
802	10382
491	1292
4978	8291
2678	5893
2726	7753
3363	6444
1489	11376
525	3989
823	1217
1401	2627
558	1575
693	4905
1282	12401
1328	4264
16	3191
4975	4976
5120	8086
1496	6510
1699	2856
1437	4316
4035	4036
10174	12172
3276	7951
6818	8230
3739	3740
88	14495
1328	4252
7899	14836
1052	9602
7653	12195
1980	2912
1902	5368
798	5007
1741	1846
2353	2354
520	6259
3624	8840
53	4314
790	2520
166	4977
207	1207
10929	15199
161	2147
47	4417
6064	6065
4723	15930
5194	11887
4356	11910
547	5846
6422	7421
4879	5065
3308	15007
54	2433
494	15404
4430	11370
531	932
1941	11383
375	4572
5640	5655
4658	4943
2776	4093
866	2782
1593	6509
3755	7059
2586	5069
7705	12547
2316	3002
845	2586
7737	10102
1702	2698
1530	2760
3299	3478
1293	10858
7228	10599
2586	3583
86	1534
916	6932
3829	4417
853	13605
5783	14158
1748	4102
3705	10248
4071	4072
776	1156
4784	6694
381	2860
8012	8013
1009	5549
2726	4820
450	3137
148	5382
3624	10946
497	722
1575	8187
2252	2253
9	2096
3006	6017
4983	6182
9476	12869
166	2742
20	2571
209	11990
3605	3842
2602	2658
2851	4637
5406	13120
2026	9824
1032	1968
7407	9941
787	1392
359	1077
292	5490
3299	3553
2839	5917
2440	11347
3041	13891
1082	3966
2171	4744
7920	8322
1706	5327
1045	8230
1078	16910
2435	9011
1962	1963
5513	7245
808	7542
6426	7273
8170	15330
828	5946
2582	11102
3553	7875
156	157
86	4468
1130	2629
1056	1172
662	8054
273	1858
1593	19380
877	4323
160	6479
402	403
1207	7504
4943	9412
53	496
3052	7952
1304	3012
954	1003
5827	8005
913	5492
6638	11326
1041	2477
136	155
1996	1997
4193	10209
5661	6825
2160	10350
2061	6870
4633	10306
623	10736
900	17882
6448	6449
1453	4015
826	7704
837	1100
8597	18218
1092	5163
2424	15458
449	5239
6579	12464
5246	11672
1529	16151
1880	9073
3417	8305
839	12391
496	776
581	11358
4004	9961
3475	5000
3941	5087
519	5839
403	1088
363	364
2382	2582
1296	4101
167	1266
121	1715
2041	16427
6286	6906
1930	3197
6426	9282
3854	4654
3986	4760
3747	4412
4907	6235
388	3880
2467	12687
4792	9050
2885	2886
2444	3218
2618	5239
632	3147
454	8067
1610	6252
1276	3220
1696	5839
433	5449
4557	12091
2174	4025
3885	11006
2753	2754
525	7494
1990	3304
3649	7124
650	6234
971	18350
2371	9108
2203	7983
3824	5100
2144	4460
8024	9909
2135	4254
2541	11874
6998	15322
1054	2294
746	9971
864	2085
1241	6777
1818	7274
3165	9998
2344	15704
5917	7127
3006	4239
1865	4056
724	5797
547	3360
4589	6709
4101	4464
5470	15846
8	14062
652	6434
4399	11574
1162	4073
6058	7327
798	10857
444	1921
1170	1171
1368	2727
974	5706
3097	4569
1108	8551
78	13075
4542	6863
2913	5602
54	2358
2111	5605
3061	12774
839	5497
2776	14803
1171	1275
4243	13790
4196	4197
2945	4121
828	916
3328	4243
1615	14005
13155	13156
240	11512
1982	2618
991	2409
1599	2558
3441	6333
469	6485
2000	5375
8	6663
1175	3690
819	1352
6831	15569
4253	9806
5159	6051
708	9004
1986	4055
1026	1094
1989	18004
690	4010
3689	7123
3042	15460
1571	1572
7582	12339
2089	3141
1034	8346
5380	5716
1026	1534
2051	11694
8160	9821
775	1929
3436	8096
3594	8861
188	16133
932	5927
3036	11393
255	5876
170	1899
379	1321
1168	1932
2776	2895
400	5333
2933	9480
166	3817
17	8304
5548	5596
1736	2080
167	3046
4318	10875
2503	2675
3058	12605
603	1770
4390	12802
1603	4259
1255	4181
3365	3577
1599	2091
180	4834
1087	2430
1990	4978
1614	1779
1670	4268
1386	2246
950	6825
1752	1753
7238	13123
1614	2238
2360	6276
3	611
2936	7677
827	4080
2989	5546
3153	4331
1439	1534
386	3238
34	9719
2450	4101
46	10997
410	2363
1542	11514
5194	10176
3690	4078
828	13408
725	2299
6421	8313
3209	8517
5270	12603
10067	10068
3887	3888
188	4840
2532	11097
3323	6117
228	7037
1327	10713
1236	1453
37	3212
7810	9656
1302	4726
2274	8197
1677	9213
1094	3662
1930	2254
5993	6071
1200	6136
603	3137
5480	7021
177	1342
1631	14410
5523	5524
4004	5089
2689	6135
683	16610
1233	10453
974	7638
932	5283
7155	7706
1128	2904
2780	3829
8861	17449
1896	8902
84	10913
4344	14013
2795	5758
539	9585
2137	8304
2139	6740
3293	5574
3917	7613
394	8505
539	6426
1408	1409
1748	13152
269	1463
619	790
1549	8764
4992	7325
2549	5710
923	5205
1510	11827
7	7946
291	864
4474	15705
1988	7254
3228	3229
1503	2860
3054	5834
453	495
344	2320
93	10923
64	881
5833	12442
2683	17445
4564	9043
1614	5354
2423	7134
514	1584
3926	9570
2148	2303
716	3876
2244	5309
2192	5417
1593	5357
4316	4916
2466	14078
20	2995
659	1303
6802	16269
870	2524
2099	5468
4493	6311
5082	16778
615	4875
5941	12728
4497	9268
14	8855
8226	12406
2362	3206
3169	5327
56	15189
603	4873
700	3932
843	6954
3216	16713
6402	6638
134	4038
1431	11892
672	7741
589	590
1276	16835
346	10713
790	2123
1613	9232
2836	14032
6149	14688
4043	4540
2333	3585
4089	8610
5468	7456
783	15620
3558	14656
3127	5855
525	1168
2906	3717
3238	4512
2160	2161
6752	12163
2192	10298
3352	5827
2152	5716
4621	5921
3486	4790
209	10445
6932	8335
4043	5623
3758	4509
3286	12454
612	1442
4969	6999
900	2989
3795	8475
1598	3244
6366	10757
2540	5151
5007	10605
2482	8940
3694	4393
1977	3052
3941	3942
2047	3226
4326	7988
3994	6896
1258	14528
994	4308
13843	13844
539	5462
73	3220
790	5623
2827	9641
72	1599
1251	12330
1177	2435
5038	7380
2281	5273
70	9866
2189	16788
1210	3971
2066	6565
5509	7497
1583	3362
805	8928
2685	4181
7740	7741
21	1494
5960	9457
1386	1395
1302	6888
523	14938
1310	1311
2460	13606
2330	6566
426	7174
621	9886
1527	8323
5434	17123
6948	10539
3504	4074
1667	5954
1882	6850
872	8434
2026	2684
316	1633
2299	3299
5358	7470
1323	11064
5339	16220
938	1342
1385	2563
4117	5125
1233	8799
2910	7642
5754	6399
3797	11781
638	5072
19	3822
701	826
2658	7103
2998	5630
762	1273
1698	3478
2263	12258
936	937
3028	3286
1202	1203
2798	4066
766	2004
294	4181
1270	1656
1424	3181
3281	11838
379	2362
1806	14614
4771	5864
1914	4421
73	575
1342	4027
291	2675
1131	6581
4595	4596
2209	2210
4488	4489
1078	2433
257	1708
3422	5863
864	7920
967	3880
525	6066
2699	12352
776	1891
215	3987
5455	9559
86	5770
240	2089
672	1860
438	2956
52	13136
1003	9007
2549	9315
563	12528
6149	13567
5095	6160
371	1283
1443	9456
5872	6576
1364	3419
2037	6498
4227	4641
1192	14013
1342	7955
2455	3019
292	3938
3163	6814
345	3477
707	1028
2094	4003
6632	15440
629	15925
1714	13042
30	6650
126	166
56	13052
705	4621
1902	3714
3560	4484
306	1437
5526	11415
3404	3631
218	1323
4402	10001
3058	16859
175	1041
4445	6338
790	5680
7639	14224
1005	6518
1330	4796
2625	3938
1746	9699
489	845
2776	10755
987	6674
3803	4911
126	4162
3852	4848
1978	7769
1479	8523
1026	8031
4654	8183
487	666
520	7786
6771	8320
1107	1839
1292	3878
836	1849
84	5704
179	7294
1535	8242
989	4916
2477	5787
712	13707
6498	7616
930	8926
762	5836
2679	9776
10086	19233
8612	8613
103	3658
1533	1876
1032	13340
2756	3815
6227	6577
5956	11861
3141	4162
529	12582
3654	3839
923	4135
5460	7042
176	1248
674	1708
3329	6954
616	7108
4796	6408
1302	1303
4356	4357
498	2653
629	12423
3279	7669
1017	1716
2383	14220
5191	15456
3129	15234
3666	9463
1611	1612
225	5602
7705	17420
1016	1873
891	6822
217	218
3308	3824
3057	9349
6789	7567
1547	12273
2856	6432
1248	1978
1977	2903
6209	15683
321	3064
3471	18105
2797	10919
2607	10739
790	2629
7281	8543
672	12950
2432	3471
5584	5585
1467	4720
12835	15072
9883	13245
1379	5108
142	17702
1565	3201
344	887
5262	9236
2467	3796
1354	1355
802	8120
4575	9691
2681	4631
7051	12636
646	1996
1929	2064
1773	4043
64	1858
2424	6862
5363	14672
671	1748
2357	8917
2175	3106
3216	14183
447	6070
730	7913
940	15751
17	10910
4	8286
1610	5618
1877	2265
1575	1976
428	864
2269	2574
1644	2284
1676	10043
1087	2506
4488	13723
864	3609
782	9374
136	8150
7275	7276
5884	7329
4374	14478
570	2703
8221	9422
491	2139
916	3757
327	3529
205	4055
1898	7033
3447	7374
1520	1521
519	5879
8486	10409
4537	17123
494	5334
4235	5288
3365	4637
1705	3325
2716	11340
2240	2675
3856	7177
1566	2337
2776	9026
11627	17330
2729	7197
924	3021
3679	4457
228	2675
282	3167
2689	7504
659	1625
258	6642
925	1898
1103	1339
3113	6364
4456	7308
4056	6368
2064	17445
1255	1904
5298	15822
3734	4983
73	3745
1395	5151
1323	17833
1088	3220
1838	6497
486	14393
4472	10664
882	4944
4970	7254
6001	14416
2388	15113
492	1534
10468	11813
1595	3880
84	8283
5680	15830
633	3649
5509	9743
4430	10191
1378	11351
4111	4799
235	3289
207	1116
4229	6344
4914	7022
1076	2596
8429	16190
7281	10840
261	18463
960	14310
575	3064
6533	14868
370	7654
1411	2818
2689	2690
2454	6960
2424	8399
2336	11793
1379	2789
3193	9408
689	5516
84	2533
8555	16723
64	2090
11041	12939
53	4134
621	5221
4998	4999
175	1078
379	690
1554	3932
579	1015
1886	3755
2506	3735
420	3774
154	3960
416	2252
5413	11912
106	4992
1673	2760
3548	17546
254	2565
3282	7222
797	1824
746	6146
746	1413
2844	8441
1489	3569
3570	12681
2906	2907
2017	13777
1179	3933
2795	13035
8527	9238
344	3471
5002	7821
3462	15518
166	12017
287	485
6465	7801
5483	6189
119	5767
4296	4297
853	854
4781	6166
1826	2500
2236	2973
4709	5556
7046	7828
3508	3509
1871	9637
2375	3209
813	3837
624	5852
1443	2184
3163	5768
5598	6878
855	9725
1182	2408
1256	7903
4261	12822
746	6497
3002	5362
4800	7042
4592	9041
398	2454
235	4601
2062	4091
629	701
301	1495
1110	2872
2380	3410
1494	4223
444	3111
2389	5409
845	2822
7074	14158
1418	1425
396	4609
203	2950
922	12690
1494	2270
539	1790
5573	13020
10	1491
4480	4964
4854	4991
257	5205
534	4694
456	5853
623	2321
5327	7266
444	5853
2602	9295
4733	10757
2368	3473
827	2735
1625	1793
450	5834
843	3210
6160	11531
4315	9860
4911	7876
2502	8631
755	8929
4778	8229
292	6255
3447	12526
4388	13563
1389	1973
264	6578
6490	11232
3319	3443
4701	5873
800	10115
1927	13014
729	5186
487	3500
1466	3410
1972	6485
869	8840
284	6103
2779	3718
4588	5468
3662	4533
1181	4951
4002	13738
3801	7017
1617	13877
750	1640
5523	9270
47	2080
1850	7343
3275	7705
790	4212
2415	5749
1697	5343
2320	16666
478	7528
2385	6149
1827	3906
738	4918
5247	7212
2813	5188
4367	14157
672	7409
4196	13172
137	570
1593	13182
4002	12990
3019	5116
3436	12504
5224	6691
444	3892
84	13396
3992	6138
3731	11963
1290	11969
2098	5095
6305	7303
1327	3194
3012	8806
1668	1669
891	892
257	674
5849	8825
170	6829
4045	7411
9	286
2647	10997
6174	7302
482	483
1205	3362
3052	3053
59	11101
5531	9735
2064	5809
3076	7954
3214	3797
299	2392
627	2392
869	6778
2078	2675
1283	9646
1761	6862
789	790
2645	3503
545	6740
121	5858
5489	8256
1236	1994
351	673
1222	2836
2757	4909
1856	3795
30	5482
3750	14895
213	357
1210	4995
671	821
2932	3441
3088	4293
1676	1857
3515	4922
1584	7294
1769	1795
3880	9999
2094	4079
206	4680
960	9579
322	4147
211	3221
5134	12491
454	2573
1274	1275
3705	5720
6786	6842
2676	6679
3694	5774
2139	2711
154	1030
2383	2384
4002	7071
2067	12157
1254	7971
1321	4750
2684	2863
3401	8511
2647	8590
2627	9340
516	7407
2168	2169
817	15693
232	524
678	3261
872	7756
291	444
2180	10332
1274	3046
4459	11602
1217	9985
4223	6058
678	3951
1074	4966
7832	13740
6410	6411
1399	4940
2085	6753
1882	1970
7166	13435
4528	5637
1294	3621
952	16353
7502	9320
149	444
119	6386
32	776
1210	3046
1816	6117
2064	2365
1168	5201
1919	3877
1631	3880
2	774
1052	1297
2113	16456
502	4983
6903	14163
175	3410
1529	2418
4209	4223
12	377
5683	9920
138	1401
3795	4099
760	6264
595	3255
1251	1252
827	2706
814	4708
2307	5903
1160	14700
511	12286
437	503
2393	4918
2336	3443
4362	7000
2875	2876
119	2278
428	14118
1599	6931
3	317
2779	3471
275	8442
2217	5849
394	7215
3985	3986
819	1603
206	1702
3383	4378
2149	8121
539	11441
851	4929
1211	3809
656	1443
3724	3725
1566	12345
6406	6407
6441	6507
1900	3717
2382	2825
10014	10202
2415	10502
6441	13037
3577	4231
286	1761
1003	2450
7202	11163
1856	6638
13435	16525
1967	5578
12415	15171
930	13082
367	7810
1245	9759
676	15049
843	4043
2512	3616
1556	1564
3057	4457
1210	4269
586	595
40	2362
2317	6859
2894	3900
6691	7308
64	4699
3824	4662
3572	14510
2658	6830
5912	7698
3954	4943
1650	2080
5484	13074
3549	12137
1026	1027
2493	4223
2125	2126
802	803
1654	10016
1769	2697
897	2199
4445	8984
1698	7504
3828	7151
621	2910
367	7841
2880	4070
4157	11622
889	4416
482	864
789	12069
3163	8301
829	1078
1631	17010
4872	6956
64	11237
1479	12838
2159	4485
3199	4591
1761	4362
1233	3120
1656	6383
4382	10480
809	5772
928	10203
6114	16392
1488	13695
2286	7338
4957	16506
6818	7909
4637	9792
9277	10338
359	1799
2928	5185
3051	3745
1508	10876
843	5096
4652	5335
441	1791
1276	3279
1959	2893
5082	6537
2263	5010
8679	12168
787	7092
3973	8302
1426	6862
4353	4829
3216	11945
720	6105
126	3488
291	1461
3286	5916
2454	4333
4013	4845
1452	3031
1410	7440
1898	2357
4143	9788
2302	3174
1249	1683
3643	3709
342	5792
6773	7792
2883	13873
53	4326
2369	4412
1467	3540
5321	5322
2430	7369
674	1587
2399	5838
904	3898
689	3925
2440	2987
215	4810
382	12924
746	2278
444	1442
6480	10600
75	329
3619	13272
698	3865
2998	5410
2080	9060
1171	3426
1338	5944
2000	3048
3517	9856
7476	10364
240	1094
1593	2685
3999	11132
4430	5778
1292	2140
2731	4013
1077	5992
451	987
403	10416
4562	10372
4762	9585
403	3410
1768	7197
3899	5059
119	10739
1677	2217
1697	2953
766	3220
3711	17910
2996	9472
1266	3738
4215	10900
1489	6418
3780	5347
5416	6572
2299	6235
1614	7205
86	2380
37	3163
5729	9053
3828	4417
746	4429
54	1871
3	5139
9785	11670
1699	1882
1067	7399
2802	11902
2825	5118
1131	5706
488	11843
476	12618
503	5080
837	16465
3065	12796
2853	7629
4537	7921
3867	7824
4508	6941
115	12520
322	3994
3059	7417
1192	4501
200	2338
911	2958
10881	11797
3653	5173
2471	4043
4533	9453
1894	2333
5680	9610
1209	2085
117	517
1386	2689
294	6814
606	843
2026	2863
1055	3417
3869	4421
2921	4977
20	8839
1399	13153
4463	4805
292	7852
167	14595
147	821
342	2945
919	8212
2503	10146
4202	4447
489	3088
158	3644
4256	6662
1697	5327
904	3209
475	1078
6980	9539
7223	16550
424	5588
4764	11077
382	2785
3977	12811
2005	12849
3739	10902
2294	4750
3363	3617
437	5878
3465	6463
3522	4164
638	1207
746	3260
9785	11500
506	2849
3329	9040
4039	14644
1410	1660
1359	1360
126	4874
5392	5393
3130	4744
638	6227
900	10750
4579	5962
794	10888
547	4293
2418	7927
3703	9928
5426	9801
2401	11290
6736	7765
998	1092
3896	14241
2954	15639
612	2133
670	9975
4953	6123
213	214
7852	7853
422	2540
1003	7938
2571	4064
2177	4900
1563	13057
2051	8905
1339	5012
65	1683
56	1619
2909	17192
3203	4423
1799	1800
900	8092
5834	5835
64	17051
7190	7191
40	5674
5036	6223
2910	15270
2186	9913
617	618
3208	7033
7165	7166
1913	5322
8984	10868
2318	10207
1839	16725
3392	6017
973	1829
573	969
175	3745
1007	9781
851	12139
205	1334
3218	5703
946	5775
3517	12634
559	6170
2333	4002
659	1793
1720	9107
646	1599
7238	7964
5191	8896
180	7308
2072	2073
632	864
1164	1467
1282	2809
1276	1397
2638	7191
8770	9430
182	5015
210	15595
679	2302
6338	6339
1971	12194
438	4618
1275	1293
900	14755
345	2164
361	9690
4876	7996
5922	13272
1934	2770
490	2139
659	6517
438	1386
1898	3932
4107	9202
642	15011
805	4337
2139	8617
3976	8196
1417	1425
7653	17579
294	1578
70	6254
1332	5092
845	2164
6331	7626
5955	13144
2535	5824
1559	2854
6783	6784
4315	5445
748	10936
632	12348
6421	8474
1231	4688
53	924
2480	7677
2047	2864
2112	3189
5171	5174
2512	3621
2321	4092
5095	12578
3853	7143
686	2159
886	3852
1606	10332
678	4390
1465	4588
321	3824
3567	5863
2919	3163
146	10138
3728	17458
1797	18202
489	1562
2545	8133
871	2675
379	3197
4243	4244
1754	4565
5534	6145
3075	3270
9423	16928
1222	8028
1877	3280
476	2936
1005	7247
1613	1614
3701	6461
110	3589
1465	1533
1847	1873
3517	13228
865	4908
517	2571
4125	7021
823	2894
5327	5864
5893	15439
6321	12840
1647	6262
7018	13258
16220	18412
205	2749
1481	8496
167	16750
621	6016
220	5267
93	480
254	1170
7981	9883
6939	10380
4388	8715
1608	6709
6439	8222
1204	2302
2973	8262
2570	2866
2594	10245
575	11166
3266	5603
4856	8727
1059	1228
119	449
3173	3383
3102	10767
1818	4461
590	750
7881	13540
64	10735
147	12564
2098	2099
539	6504
1146	3004
923	2944
3261	4208
3887	9202
4813	4814
802	1534
442	3826
436	2916
3576	7389
2460	9655
2554	8852
900	5322
1929	3932
3072	3076
1921	2527
1786	8819
313	1337
536	1656
3820	3880
1423	6983
612	1891
267	1642
5133	7725
7342	7607
345	8213
286	3329
5602	5873
1575	3226
1467	5623
1254	1255
595	10815
670	4306
3289	4899
10174	17225
1617	2980
1930	7905
1891	7824
999	1379
7084	8609
1773	1774
2180	4316
9	1608
2575	7405
4100	7421
1306	3444
449	2513
671	1909
1522	6691
5047	5406
34	3432
344	10444
1094	3221
2321	8558
426	5357
106	107
3339	7219
636	4189
802	9264
2958	5878
290	8011
3871	6274
1289	4784
1898	4416
198	4129
7258	14489
2349	4056
4449	19047
3110	15127
1443	5542
4549	6487
6298	7293
1328	7582
1530	4469
8362	15263
3392	3393
3336	7495
2211	10469
1210	10360
678	13550
1865	6430
4107	9902
1490	2360
9595	10356
718	6419
3240	5890
1326	11577
1899	6196
1714	12809
2106	6495
1631	7224
3515	3877
3323	13417
3319	16570
570	3378
243	1380
256	478
4177	13127
4038	8753
3782	5764
402	3174
170	6239
374	12037
4588	6802
912	14571
1442	4207
3112	3113
450	939
2313	14086
2412	2987
2240	15386
2015	5049
478	17291
860	4997
3154	14459
2066	2493
1219	8595
82	5674
2371	7519
1824	17470
6662	10758
1968	2766
4004	5088
282	4423
441	2645
127	6147
1604	4851
4417	4531
4396	14807
64	2690
1984	9549
3356	4438
974	7136
763	2708
489	9365
2409	10099
4760	13539
4253	11918
8850	12806
1513	6878
287	1708
13225	13226
1048	7129
363	5980
1611	1941
4978	10962
51	6750
1452	8295
321	8335
1047	1296
2970	4035
2200	6314
865	1052
7084	9695
100	10311
15799	18284
3630	14327
872	6329
1871	2433
1042	1614
1705	4564
1250	5720
869	1508
3330	11843
3093	4784
5742	8158
933	3530
534	13103
5699	5974
1714	2352
1878	10458
636	3220
2294	5267
3993	7431
4010	13601
502	647
3927	10524
3626	3745
292	2388
1836	2007
3006	6427
1056	6936
403	1171
1001	17261
2277	2565
476	1696
801	6789
1205	4654
2010	2040
763	6582
685	11351
4524	7584
771	772
2620	5994
1727	1728
5380	9801
2155	8391
552	716
1547	1972
636	2304
128	766
4227	8066
908	1768
26	4744
706	4306
1082	10591
3796	6150
864	2097
2291	12781
3441	6334
4088	4089
136	449
746	2499
5358	6760
1533	4094
3877	10227
1845	4824
2893	3072
5418	5658
261	2774
930	15619
6410	10091
2189	10194
6577	6722
753	4920
2004	2005
2357	5809
1207	2299
3517	8491
3743	4977
776	860
3097	9258
365	4598
3701	3743
904	2553
638	3745
2064	4410
4029	4905
5118	8601
813	2186
9121	14522
3720	3721
3441	10703
1846	4509
1427	13423
5033	11401
1425	2112
900	4121
2214	6398
6333	16586
402	5099
2936	10082
2497	5066
706	707
1575	5709
1534	4292
375	6179
3965	5434
4066	10990
7931	10800
3684	6468
6116	6818
2177	2952
735	1401
113	12250
5146	6401
4826	4827
2165	2642
65	8971
4400	13870
4275	18053
3954	8478
737	3405
1385	5852
950	5079
9209	9210
4408	7706
1330	5828
636	1851
646	4029
2064	3057
879	3548
8767	15327
4459	8968
1142	18953
623	5623
3279	5117
746	2380
3362	15700
2649	6769
440	13729
1781	2580
5807	6703
4457	4458
1882	2966
1696	2367
2582	4213
3744	10726
2098	3289
2104	3360
4784	4951
710	2838
62	10165
1157	7329
1027	5594
1057	11175
1826	4029
891	2335
127	2075
2209	4901
2064	17217
2064	12371
3228	7677
70	5278
6515	7321
989	2493
3994	5047
48	3807
4716	7197
345	12345
2263	16528
1852	1853
837	7766
9651	10991
3445	12115
5960	11875
4131	10948
3193	11398
2169	3218
2232	4834
1045	1255
904	2506
1543	4669
2492	10086
142	6932
11039	11700
3785	9617
3624	5583
433	5863
452	453
6241	8184
1249	16010
1379	4379
6982	10951
3338	9071
4723	6089
180	1284
2127	7174
306	652
5118	15344
318	5887
4	7992
647	1316
487	4181
24	2315
802	3182
142	6333
578	1003
503	678
2384	5745
224	3182
111	5954
5191	7228
1413	1793
273	5600
1909	13080
4828	12056
1914	11679
3	287
3828	6435
1598	1673
6239	6240
5194	7260
1531	8290
1450	1451
5414	14474
2687	2792
828	829
1699	5323
4371	14879
3969	3970
2149	7331
394	4729
1404	2804
6503	16129
575	1266
3012	9543
3012	6984
206	2688
920	921
1110	3276
934	5577
3134	3739
2954	7728
47	2499
827	7699
1233	8141
9460	14643
2649	5656
2415	7134
2957	5934
864	3709
2789	9583
558	2263
1317	6703
42	5779
2679	2680
121	4687
8624	9045
7157	7388
1378	7607
92	5263
205	4236
3067	13576
2008	4914
4212	5873
1416	3332
6842	10435
54	637
739	7249
4393	10056
637	2152
1793	3900
309	2919
4714	5447
621	4151
576	1439
5182	13537
1489	2688
380	3247
2827	5203
1830	8835
900	2673
1666	2827
514	999
1284	2253
105	382
679	1394
545	1182
2726	10153
416	6276
291	7186
127	2380
3305	15677
2799	11679
3555	13155
7254	15285
2704	4417
2220	6276
460	15255
660	5423
4391	11486
64	449
1170	3029
1305	18429
2750	10113
5168	5271
5149	5150
7995	13688
7450	9352
5431	11596
2517	12629
5559	5560
766	1026
3976	9203
2441	3569
1962	5499
1266	3016
843	4106
121	2077
7913	10165
5206	13992
7797	7798
726	5168
1454	12475
1994	3212
12988	15585
1013	3558
3916	5451
1327	2834
4092	9598
2005	2098
2465	6948
5889	7680
2786	11304
496	7440
11224	11840
1929	3057
2433	3182
539	11502
2174	12706
235	547
566	2444
2541	14589
9294	9863
200	201
2761	7485
1329	3983
4144	6732
1003	15380
6386	6703
952	2858
2629	9252
2089	2742
1241	5922
1116	6729
1393	3702
3798	5306
8073	15248
11519	13573
1453	4608
1366	2449
1165	7705
1266	2782
500	2253
1094	4448
1644	5952
1773	4306
66	503
1283	16255
1040	6834
545	9046
607	2365
1230	2012
1913	14148
2155	15584
21	1768
363	7701
12	2625
8183	13031
715	2326
3279	3734
382	1401
1824	7109
896	4315
678	3174
192	12942
4683	10998
2558	16834
341	444
2017	4918
1894	2334
4662	5199
2078	2602
1328	16828
4903	10653
3973	10544
547	8648
3933	6592
7305	13983
525	5645
1283	10260
2116	6769
1180	5803
1705	5646
1535	3973
3096	5596
3328	10299
14	1155
1339	2556
934	7970
2062	2384
656	1385
3979	7730
1282	3236
1766	2150
3371	4213
1403	4868
3163	5706
1350	3977
250	5233
3890	4473
2544	5927
3323	4298
92	321
478	15448
823	8467
42	3260
1150	2822
6041	18411
386	14067
1761	1960
1304	5833
1725	10505
2958	3824
1030	6176
1401	2801
5206	9359
127	2391
4356	12690
403	1275
7107	12567
2746	6354
36	4895
924	10222
2423	2905
200	299
7072	9392
1369	11490
5247	6110
3658	4442
402	1275
8555	12383
864	891
394	5014
900	921
1063	9524
891	4606
2302	2744
636	934
583	17655
4294	4295
727	10701
7266	7267
318	5495
4376	7923
1337	11463
2941	3820
3133	3134
423	6333
4658	9047
1437	2208
1054	4003
1479	6031
3012	10586
1465	2959
903	4528
1467	4043
4760	13277
5047	9988
64	7877
5378	11141
2817	3804
1316	4408
179	9266
2009	3461
678	7540
2081	4928
3694	12687
4423	15498
866	4618
7756	12059
1566	3478
902	13549
82	8039
176	5516
489	6432
1932	1933
188	3978
2607	4316
4315	6789
403	3279
190	16396
4485	7096
291	3275
2902	9908
423	1386
2265	4429
2347	13228
467	3308
188	11707
438	2574
270	725
74	5367
1856	7421
1982	5601
1757	2009
3117	13475
1254	6053
1664	1665
3356	7514
2574	3738
1352	9634
4131	6981
1488	3999
5206	8486
623	6698
188	5136
2139	16487
3195	7529
823	5713
2045	3193
1205	1694
6352	6353
587	9021
855	1247
9295	10476
3637	17696
228	7824
2829	7963
5060	8312
2629	7826
2727	8296
80	2515
3950	4353
806	7383
1222	5873
1082	2048
2511	2675
126	14977
170	11907
1401	2594
4237	8481
1620	5470
1040	1041
891	7323
982	11189
5261	6280
47	496
4801	5730
595	9801
789	8466
1905	7339
1139	3290
2362	3244
444	2447
228	1445
2684	7295
1752	7626
1927	3240
607	1717
827	1768
12285	13987
615	4387
790	4337
2640	6179
3773	6205
2744	9158
1332	2294
2956	2957
4615	7824
75	4229
880	15349
322	3064
1071	10315
869	1009
4440	14093
1508	2718
2540	2689
426	2919
520	1473
666	667
1404	16050
3415	4269
4589	9647
5442	15101
1179	6724
3513	13981
2104	2269
3765	5863
1171	4464
487	6731
275	9551
3844	14522
170	425
441	2912
1207	3281
268	1680
3795	10033
1330	1656
3311	4088
2317	15613
26	4600
517	845
1077	2596
1573	3058
2506	3028
5256	7943
505	4854
3540	4106
1293	2300
1332	4224
3816	4176
619	8402
1083	6771
3950	4229
5269	5323
4986	10471
689	2571
2544	3853
991	1059
119	5239
525	886
3694	4459
1047	2528
5080	7540
1146	1186
5362	5792
255	1467
3471	7427
1160	5041
94	5333
1369	12705
1233	1675
4664	8335
2082	2083
2675	7266
6533	17743
467	4188
44	6087
3711	12542
1578	3867
53	2933
2952	6259
586	7308
3049	4828
4015	4016
3165	9863
888	2319
2820	7098
21	8659
648	2904
423	828
2793	16173
2392	4378
243	9685
746	2894
851	10207
1317	2405
329	4353
10457	10533
1768	2299
864	3142
6787	11519
678	4329
1650	7988
3797	14411
2978	3200
1182	3877
550	2432
1446	7119
5333	5993
46	3150
7258	12799
337	8489
16	9793
1639	5703
1337	4156
4583	8133
1680	14932
64	3921
8238	12251
1222	14342
1359	9903
5490	8527
460	1493
804	4338
1327	2497
489	4390
4079	7858
442	7168
205	2748
1005	2145
3654	3655
1095	6333
2572	10938
3690	8984
5146	10253
345	14411
2321	10614
1533	3289
1391	10628
2236	4398
1170	3926
8118	11962
2540	6001
5539	6566
4497	4498
689	845
2397	8730
354	4402
2860	6146
66	423
1619	7160
4473	7506
4445	4446
1603	3046
2660	7837
7687	7688
1656	8599
2175	2394
2017	3330
1172	11931
17	8999
1249	15075
326	8133
1088	3959
5338	6934
10923	13982
5036	6721
394	5499
327	4333
7217	13768
966	4668
1777	5647
4026	4587
637	3415
1677	9283
1841	1842
463	11986
108	6655
576	4064
1005	4790
462	1486
2825	4376
8009	14733
2	5712
6426	12544
176	1490
13338	13339
5131	9451
5606	10484
355	356
5027	10736
3051	4618
1450	9681
1667	5765
2028	3455
3094	3095
2813	3483
37	2696
7639	12139
839	2108
621	881
1941	7291
1631	7125
2440	11018
1836	1837
612	5849
646	9453
3280	3441
4964	11600
8863	11121
8860	8861
206	1248
683	3796
4165	8662
47	4816
4997	9368
98	99
3484	3485
3732	17458
1334	2748
2389	3811
3545	10375
670	10162
9	13601
933	1483
2061	6232
496	3423
49	345
3152	3801
1057	3693
1760	7567
3	9977
2286	7772
127	5165
2884	2895
392	1385
1764	7415
5062	15068
3523	7084
690	6333
6	7451
1254	8821
49	6828
932	5489
1473	4843
1483	1575
2780	4997
1205	5537
790	2451
2357	3150
2887	13073
1690	4536
4355	9961
566	2339
928	929
1891	4113
4599	7466
3	5872
801	2779
1310	11507
2373	7590
966	6066
8069	8070
4892	15421
2954	14616
1852	1915
987	5199
64	3745
3061	12097
13198	13372
3981	5465
287	8382
5996	11417
1750	13173
1003	2393
4525	7584
1296	4317
240	989
4866	6066
240	1095
2293	2687
3757	6413
6906	8493
321	2577
877	11464
698	6829
5325	9305
3812	16986
646	9570
1673	1838
489	2394
1341	5584
1544	9063
118	6223
3946	14809
3985	5333
6218	11211
5366	5565
6480	8365
3529	4577
444	8631
571	4938
1077	2558
487	3854
4587	4588
605	844
2165	12203
1531	10946
5044	8514
4315	10962
2294	2973
2272	16153
453	4169
4449	14273
10123	11665
4889	8160
439	6206
5221	6936
2764	3666
2718	3300
4289	18052
1141	2746
2072	10807
2512	4106
1880	3456
3082	4101
1507	6931
619	14800
4946	7295
9635	13827
673	753
444	871
5384	14273
9251	9751
5246	9521
1770	1876
2542	5469
1013	16331
4976	7278
741	6231
142	2500
855	11790
2243	6374
263	5971
3658	3856
700	3641
38	2983
864	2753
1065	8013
932	7145
322	987
776	3500
1578	5139
1369	4858
1962	5445
335	8530
1207	3064
678	3633
725	3362
206	2958
3495	7777
1539	2883
615	616
1957	1966
2424	4862
1410	1716
911	3036
3806	6430
25	6739
2265	6791
206	516
1768	3410
2780	4733
2749	3206
974	6664
8	14288
439	552
560	19650
10364	12164
690	4579
5234	5235
1320	2493
3067	12765
2168	2751
192	12491
459	6436
394	3674
4966	9698
3419	3420
659	794
3019	7538
2497	8926
837	838
1296	4615
1777	1778
760	4200
2369	7706
1041	1266
2741	3935
5123	9970
449	1290
2238	7756
1838	9467
1793	6932
693	1009
3246	3530
1288	11761
672	4306
2629	14692
1255	5060
3999	10628
851	8438
3216	3403
2575	3097
4320	4498
6854	7750
3506	5413
796	933
573	3727
775	9419
1599	3951
84	16509
545	1622
4813	11552
1980	5463
954	3281
5173	6931
4274	9617
444	5667
7667	10714
1467	1874
4838	11231
1226	2392
2281	5041
188	16278
1235	1236
2155	11879
1131	7513
617	2407
4121	5916
292	1400
132	11214
891	3246
1255	2897
321	12344
1962	18354
1393	4960
1880	2336
5516	5648
2106	6091
3	160
715	735
6798	12462
2575	8395
3947	15154
277	2333
1816	7460
2956	6113
4314	4728
285	6538
1337	5030
521	522
7797	14696
1881	11090
1014	8612
403	489
66	1599
36	3212
1849	7951
1427	11028
566	16773
1275	3747
4229	11224
801	14901
2561	13482
3981	12684
3210	9200
2577	3171
2213	5173
3765	11118
2864	10203
178	8182
9	623
444	2085
6955	9044
1074	1465
6421	8732
2542	6113
6184	7960
379	4448
6026	11724
9058	9059
4142	4143
369	14727
1230	2247
2257	11943
865	4765
4344	12588
72	2493
5993	9375
126	5619
4496	6342
1954	7896
765	2098
796	4303
1245	11294
1843	14985
595	4456
5257	12765
2567	18786
42	2180
6948	7274
3947	5745
261	558
3605	6807
2000	8935
2069	2602
5291	5863
444	2365
2764	7775
345	11999
1086	5327
2649	5422
407	517
847	3227
3765	5333
2328	11218
320	6659
2524	5029
3892	11229
506	3181
4002	10036
1783	6942
491	6694
1958	9515
5720	15852
4390	6153
3472	6223
1845	4308
1362	3361
725	1583
839	15216
349	8186
205	1986
2661	3488
1375	8897
2906	17814
552	5333
413	3877
1395	3747
5640	6347
1838	3488
2182	10781
3082	3576
1427	1573
2484	4306
2217	6257
2607	5600
211	6223
6268	6912
200	2678
3936	6622
354	8009
3075	7838
3058	12909
4898	6655
1437	10860
412	545
2014	2528
1876	3280
1379	7899
1389	9863
5872	10036
6206	9926
4099	7554
4741	9423
802	4061
2127	12116
58	2155
1957	3539
2879	10254
9961	13516
2887	10175
10210	10274
1600	2860
6754	8563
4533	8262
1379	2127
2686	11303
672	673
1770	3859
3261	12898
1761	8216
5244	10955
1334	6600
4579	13362
3399	4737
1061	3862
1385	1516
84	11381
2684	2793
2613	7710
1755	5646
765	6444
2906	8011
4147	6187
126	6831
687	17037
4002	15582
1958	4845
1385	3199
2159	12228
3169	14293
1205	5120
603	4212
3881	4830
1180	7866
790	2719
206	15021
2952	5343
5852	14253
3503	4676
3055	5007
488	3174
691	1003
5599	6485
3779	4824
2321	14593
3581	8928
492	3441
232	7040
1486	10139
2947	12900
2990	5387
659	6802
3002	4933
345	7298
3442	4516
1413	5700
438	4218
2358	3281
2782	3051
3476	13240
267	3911
845	14147
1177	15887
3163	5066
204	2363
488	5151
1003	9072
1288	9623
550	1663
790	2323
1026	1768
2575	5901
292	1030
3768	9423
2638	6761
1334	2966
217	2219
5309	9527
2906	7274
73	4223
458	2794
1647	10539
769	4378
322	333
821	7192
2649	6494
3951	4390
496	3248
5128	5129
1399	7185
3853	5851
7366	7450
1628	5833
693	751
2283	2511
796	797
1467	2359
8792	10736
4040	7234
4225	9267
2449	7141
2675	4933
1645	3842
615	5601
3123	4353
3951	5516
4172	4316
359	3571
2952	3505
1463	5964
2159	9198
4903	13003
1806	4733
218	381
568	4448
1617	6765
1553	5671
2207	2689
621	5803
3329	6823
4950	5047
3671	3672
7347	7348
6041	7654
5103	5104
6613	12248
894	12469
1695	7923
882	10946
3570	13968
896	3935
166	11623
2731	13978
5681	6058
1892	2400
1913	1914
3974	7177
4189	4235
621	3182
2966	4044
139	5492
514	3089
2571	8692
917	3951
1334	8978
1282	4121
4548	5174
2263	4869
659	9447
916	1394
623	4660
1768	3415
648	1283
487	4701
999	11582
47	13359
70	16877
1097	4838
914	12046
489	2571
2232	8667
400	9074
1789	1790
38	524
157	3392
4002	4787
794	1490
1617	11191
351	3844
1978	2586
180	5655
10409	15647
229	889
403	916
957	3208
9442	10426
6927	10925
6280	8224
1599	6223
457	519
434	1459
4418	15299
292	4128
1175	3123
1095	3738
1156	3867
4307	9382
888	4378
6444	11249
2092	4599
2188	11827
2603	4976
3189	11739
827	3207
1393	5445
691	2957
12056	13247
1726	4205
6778	13923
119	3140
1948	3894
2069	9931
3365	7678
2715	5060
2140	3123
416	14409
7186	10525
2524	9124
6123	10918
2443	2682
4055	13606
1468	3562
1600	10404
2793	5569
416	12132
1255	8582
426	986
1821	6082
3976	18317
2580	6107
1874	15561
3058	7474
3927	9821
4211	5655
2507	10544
3857	16556
104	5804
3054	7504
610	1157
1207	5518
485	2147
192	1470
3609	11025
763	12457
3871	15547
4939	11699
1275	2380
1562	6410
5737	5738
403	422
3739	4375
746	2259
771	10679
2098	2493
3074	8010
273	9903
1003	8406
209	10099
2506	5379
475	4660
2860	3415
1435	14289
26	790
126	2469
4202	10653
257	2618
345	10305
2026	4627
1737	4169
8427	11716
103	2609
1637	14459
141	13694
20	3091
5290	8939
1366	12542
4537	17570
3434	3814
1738	6187
3736	4054
6545	7943
2180	10124
589	5203
1642	2129
5858	11016
5427	8013
5267	5268
5458	9226
864	5149
372	864
2224	2710
1386	2124
36	932
4895	16338
3441	11689
5696	8142
4253	11963
1448	15787
3792	6083
2675	10548
3096	7354
8498	13183
1440	3197
3163	11673
940	10259
678	963
92	1204
2775	8329
2118	14049
3741	8509
516	1332
3311	10310
2224	4600
710	7605
3102	3801
3358	8253
1893	5623
974	4043
6717	10100
3706	8893
2323	5141
9008	14997
11405	11406
1754	5646
1802	13825
496	612
3323	8146
864	7765
4225	6374
2775	6691
3727	16133
900	4812
2558	12320
3540	11271
3445	4974
403	6410
864	4506
3757	12886
689	3054
423	4918
2802	3923
1173	2871
728	12330
2380	4451
6319	6453
2348	3160
1650	17217
3167	13886
1846	5208
1843	17047
6638	10408
712	1327
502	1599
4268	8330
94	1926
8284	14485
5241	6068
3743	3744
3795	4393
8426	8427
1542	11189
3290	5408
3223	15325
6384	17449
99	12019
4416	14528
2741	3555
2333	4873
4938	11364
3752	6566
621	3046
2	14633
374	5327
3410	5577
1793	6828
114	1164
7601	11452
1334	5529
2827	12725
3526	3527
2281	8626
1292	4353
3666	18321
4474	10422
3981	10575
2060	8726
1661	3392
5176	6596
3330	4125
570	2031
871	10237
2708	8546
930	4729
3067	10066
4733	5315
7913	8963
1820	8054
438	1334
2338	6164
776	5534
1566	2751
2104	3281
1429	6206
4660	4862
1004	14454
142	4064
4157	10618
1755	11425
877	3717
2112	2461
6814	8027
3488	4874
917	3553
3266	11338
3115	3116
1078	1680
1111	3717
688	6342
7581	8053
2793	5091
4294	4531
3123	6941
1086	5465
819	1382
6352	16921
3644	11220
166	4197
4143	6217
6662	9839
3399	12300
2083	4708
2602	8770
4077	4078
5234	14863
8032	13136
175	3997
3824	6779
1969	4122
4447	6476
399	4920
2399	12133
1258	7542
1647	17619
2499	6420
881	5220
447	5548
1677	2919
1316	4188
1177	7640
2684	4378
1078	2017
46	3468
7832	9175
2377	8608
740	4654
1878	1957
1510	7885
1902	8622
2943	4733
1170	3054
1393	9198
2120	5186
984	4760
82	2817
2418	9677
2554	10750
864	5556
1283	2260
2192	16958
4220	8984
3135	6444
2619	5880
2532	2838
3470	4488
4944	7877
2432	9988
934	2005
1094	6892
228	1410
7374	14634
781	9581
192	4306
1074	5037
1936	10472
108	11049
106	3816
4157	13262
1412	16151
261	4690
3780	9075
2603	18040
1370	3216
1149	1494
5234	18436
460	9052
1073	2051
1551	5128
3093	8933
3802	3803
3270	3436
3503	7986
6949	12996
1633	3833
1479	11175
670	1652
1631	6136
6939	6940
3074	7877
884	6901
940	11224
980	6166
1557	6659
8566	9018
21	1440
5658	5833
911	13247
5435	8671
2026	6342
245	4203
86	1673
1557	6211
724	15700
2723	5850
254	9181
2512	8094
5483	16151
7540	7822
4145	4146
4074	6245
3402	13683
2501	2893
1001	3084
636	1797
94	9442
900	5496
864	4731
70	12404
827	2361
2776	8748
146	5186
4524	16971
696	12552
444	7903
4292	11706
8582	11259
2473	13277
120	4654
2594	10696
2531	3005
4148	4909
3329	19021
2506	5465
514	8833
2022	8854
1027	2477
4930	11666
408	2570
445	3734
3834	10056
3442	3443
5021	11463
1467	2188
442	1791
1128	5833
1116	1217
1402	3016
1856	2118
611	612
1617	3383
829	4198
2852	5963
1947	10632
8815	15072
3551	6976
423	5548
5960	6125
2389	5331
5660	6421
633	1245
864	5156
3745	8618
2141	3842
3889	4742
900	2587
2937	5747
2528	14656
2611	2631
1697	9521
1820	6991
192	3710
1641	13285
2293	2294
1290	5072
4637	6465
1467	3357
4745	4746
2240	5431
441	12094
3330	11766
1982	4170
104	1401
3149	8760
4480	7899
5291	7598
5806	9504
1094	2565
1929	7151
741	1297
476	801
1330	1331
4268	4831
1676	1945
394	7783
1575	3202
2747	2846
3402	7171
802	2782
1149	1302
2405	6771
1599	2822
646	2571
461	13220
776	5229
1554	8590
1938	6744
128	5037
34	5715
1741	3027
7701	11153
6024	16882
2348	10444
1146	1147
76	280
3758	6941
2072	4368
5060	6822
801	7514
1598	12887
6114	17029
3577	6465
741	7092
1569	3977
8378	8753
1603	12062
1795	5551
36	4438
5942	7683
660	7485
1597	4387
887	2026
2906	9883
3832	4741
668	7378
1304	5658
1266	2265
790	1072
370	13522
633	5739
206	987
3502	10303
539	2162
545	7871
1453	1761
766	1290
4113	7824
587	588
860	1442
1465	2197
821	6955
2972	6818
2013	5655
857	3356
1001	8084
1179	2320
5728	8740
4030	7411
575	3091
86	1211
1450	3220
800	14726
2106	7167
1395	2744
2629	12665
5234	10631
4615	8026
1708	5849
1452	4600
1678	7821
333	7118
621	1445
6992	12027
1766	11896
2786	7034
923	5809
1074	1088
339	1949
80	670
3406	5640
381	5349
3725	7321
5434	11996
3189	17255
3246	5222
2296	6831
2990	9040
403	4662
317	4172
26	3144
190	4980
3216	3949
1330	10345
254	1252
1118	1413
961	5118
345	14242
3195	8193
2671	2672
1424	2127
431	9782
333	4572
864	2996
2214	6084
3629	3810
1489	5838
4828	10016
1360	1779
11357	16101
833	9863
570	9496
1131	11894
166	3941
1172	6276
650	2768
5851	10456
1559	7014
2445	11084
790	5012
3609	10162
1221	11458
1231	2817
958	6524
278	2760
2740	3112
1233	2265
2712	2713
476	2827
3342	3343
3769	3770
968	2727
355	5715
129	2318
5354	5720
3137	5159
4324	14992
460	12493
1816	6839
228	497
8530	12290
963	2585
200	857
12445	15434
3392	6578
783	8044
1148	5260
1614	5120
218	219
3796	4393
1192	2416
969	6400
1467	4237
3716	4983
1566	2299
290	10480
534	2849
1045	1845
1181	1288
3065	5445
1255	2043
1133	7854
827	2528
2671	4592
1363	10664
6406	6413
769	1388
3968	4163
5339	8792
827	3675
2574	3633
727	4481
188	5863
8278	14555
3575	8251
4689	6165
1437	1656
2454	3958
1137	4687
5216	9258
2957	4236
111	971
2571	3747
292	6624
2467	5344
841	14201
1698	3921
1186	5205
1057	13086
2551	8489
94	476
1292	2139
99	907
1429	7724
2482	8670
2246	4983
6918	9303
4468	8692
294	2217
1787	3681
783	7909
2506	3932
1752	8502
6202	14836
2450	3182
5702	7867
850	2423
476	1404
827	7858
3709	7931
7225	10376
2023	5540
4378	4483
860	1156
1757	12786
1018	4722
1041	4447
349	4916
8	544
1990	4315
17	2112
1803	10876
9998	11244
3394	5878
2551	5892
2607	14577
1121	1122
828	5772
2638	2639
3065	4768
3902	13338
864	5492
1869	5596
2740	2741
1943	16090
1373	2099
322	689
8065	11926
641	4079
1176	1292
1359	13214
2771	8789
2571	3064
1739	1978
865	4361
2914	9648
2343	2618
1379	2483
1149	1868
4315	4882
349	3405
1199	2501
863	1310
5785	9843
4152	6448
7058	7059
1826	3394
1490	5069
6564	7501
5799	5800
1799	2124
177	3859
100	9581
2900	12031
760	2932
2556	3749
3372	5939
422	2745
5434	15429
7756	11033
229	7108
1290	13977
3503	16944
3208	4841
3916	4610
2389	3489
5588	9407
3259	9998
2330	6127
489	638
372	15716
369	2217
2611	3454
877	6695
700	10186
3517	5636
725	1951
36	435
3477	4713
2233	5701
359	3417
1680	2614
3981	7890
1749	8111
741	3558
769	770
636	2104
895	2375
659	9358
232	3658
1970	2966
360	3281
2997	4708
5019	7568
2060	9964
7629	7630
300	2083
2959	3684
4629	7639
612	4356
882	13469
2895	3502
268	5069
519	1785
9462	12120
741	1488
6298	6299
444	5431
1009	2571
2675	3792
2556	3748
345	1556
1092	7971
2243	3649
798	8589
3594	15653
4273	5451
9	4017
640	5873
3577	10996
73	3629
556	7606
2152	3318
5475	5657
1034	11074
1992	5286
1943	11489
864	3540
96	8350
1149	5255
423	873
4533	6796
325	4658
845	10368
478	1271
1768	2004
2603	13850
1483	4638
1160	12308
2144	11244
444	1676
1633	4843
1127	1128
6707	6708
1359	5368
5342	5343
673	2120
3352	9819
4933	6886
4416	4417
3332	3996
2203	2204
7470	8806
2863	7295
849	17071
3281	6186
1820	2909
828	3734
6754	12369
1367	2727
196	6206
1245	4513
2487	9047
3266	4901
1773	6869
15498	15545
1947	3423
1664	8065
2118	6403
2361	3675
202	693
2358	5019
1806	4295
4002	5011
7135	7219
877	2494
484	485
3913	11166
3558	9781
2524	2682
6670	11780
320	4545
4344	12650
3123	4509
3505	5327
126	10037
1475	5468
5661	14036
2639	7338
7580	9308
242	3321
2904	3631
1005	11283
3724	6056
8631	11298
485	2780
105	4820
3142	10024
1427	11698
506	8193
6276	6931
5626	5627
255	2155
603	827
672	6119
672	7114
968	12641
1341	4241
958	1339
2051	12903
637	2756
516	2252
2051	2086
5898	5899
4518	6041
1930	5295
2505	2506
261	19442
285	2675
1236	6845
1096	4846
3110	11324
2612	3644
1644	4857
5067	6415
1399	7256
3025	5458
4445	19104
2952	7786
801	6213
94	4732
2303	2681
973	3810
1236	8216
4309	5646
424	932
536	1172
1197	5451
775	2618
5967	9147
621	8851
6298	15202
2506	13308
8608	13599
375	376
2651	18841
4566	13033
345	15734
2532	10407
134	14268
3446	14986
1149	2148
1043	15749
207	1489
64	911
4273	9871
2976	2977
765	766
3067	5380
552	5119
8091	9543
5118	12249
2360	8145
3495	10970
2091	4406
2090	2742
47	2217
3202	8133
3467	6772
496	1737
2165	11967
4560	7344
826	1013
1289	3754
2600	8126
1364	3282
410	1566
1061	1988
638	1599
1454	5709
1254	3143
3788	8758
764	1702
1152	2405
404	3810
7278	12967
747	7141
47	1929
142	3745
2954	12493
2365	2675
6338	10644
5422	6049
7300	13937
169	3213
8238	8239
1989	2906
6567	9004
1824	18488
1378	2611
36	5372
659	1770
1725	6807
3757	5468
475	1799
4874	5133
781	782
1437	5561
1828	4412
999	8865
2677	6660
2363	3456
2139	2140
5057	10194
4019	5047
1883	4791
292	7724
674	2618
6019	14654
1867	13552
196	9565
11505	15351
1465	5037
2953	10156
4548	10580
3393	6939
2147	11247
1023	1962
690	2477
2087	11408
315	3028
1882	3443
6999	7347
1554	1737
1127	9043
11357	16228
2367	5609
2809	4120
8475	8907
1337	8601
441	442
5434	14662
4662	6051
6109	7742
10636	12068
1394	1395
394	16284
1065	1726
2782	15612
2933	16506
7832	9353
902	1138
54	7326
3900	6001
3736	5094
539	2088
1984	11400
5941	5942
893	1230
176	177
514	3892
1249	5720
2681	5934
1606	2180
6499	8236
2521	5038
1684	7691
3741	3934
928	1945
1822	4043
2201	2452
206	6936
3642	3643
1231	4796
882	4324
1795	7473
366	13609
1878	13075
2224	11673
6001	6276
826	2528
1806	13108
604	3300
1459	7748
14249	17951
318	3149
457	5852
374	1023
1098	3943
1093	2127
1553	1737
2641	3289
804	10471
3052	12674
1266	2922
5929	6269
779	5791
1978	5669
481	8498
1669	1913
607	6642
206	16547
2694	3443
2741	2780
6578	10465
1962	9590
1544	8332
796	4483
3951	4468
3343	5924
513	514
169	3765
989	4553
1302	4727
3174	5699
286	2789
4658	5863
4799	7899
1752	2884
4098	9423
3837	6213
845	5516
1452	2003
644	12186
1894	3664
3738	3745
693	5670
2618	4356
1464	3815
7861	9341
4157	5791
1040	2959
3404	6949
320	10147
303	6528
659	1795
2189	10088
1082	7275
1149	6517
7108	14528
760	7629
7860	7861
1806	3811
2290	2293
1697	13917
4043	7450
3399	5702
5334	12690
3917	7966
2467	11412
746	3122
184	1523
1637	2279
377	2765
5667	7133
3521	5231
1116	7954
1872	5703
2089	15393
3163	12647
1171	2246
735	16309
4662	5733
618	4326
973	1026
1486	13075
5851	13718
36	342
261	4169
916	8839
798	799
2852	14006
1644	2299
2270	2973
1004	4125
587	12231
174	1529
53	10654
2141	7302
1941	6807
2893	6113
3304	6949
7581	9743
1595	2739
3582	5134
545	3755
359	4025
2910	14927
1824	10301
130	137
5880	12344
444	4604
2605	7233
6545	12037
3733	8591
1612	2609
1676	4102
908	2066
2232	5627
1673	7936
820	4065
2270	6839
1222	8464
555	10468
2379	4873
5121	13567
2154	2625
359	9125
1450	3959
2708	4746
646	3171
5007	10604
129	1003
864	5007
444	3956
2806	5504
5128	10627
156	1841
2222	6571
2094	12962
1544	9562
3992	4892
1275	5846
1404	5748
4088	6131
4057	8612
2932	7629
2642	4324
357	1375
1175	1182
86	11741
2852	5182
805	5563
1706	12478
2961	4936
1669	2897
920	16053
4904	5231
678	3280
126	3140
10602	12470
2299	3478
451	1302
4488	8282
282	4771
1467	5519
1026	7629
2440	13560
3278	4402
74	8175
1323	1437
1464	8213
1403	8210
2342	2905
1175	3796
1288	4937
5244	8521
1004	1041
8105	8284
693	2412
3701	10911
5471	14598
305	306
2269	3899
837	2408
1382	11364
2535	5050
2205	4161
422	2490
638	1439
286	6136
3025	9427
659	11588
585	4456
6001	8725
573	1190
1274	5934
4476	7186
1992	9657
2953	6259
1696	2685
2908	10115
2749	4886
8608	8609
4330	4788
843	4175
1359	5583
5367	11443
3323	7460
621	1189
6	8330
995	4449
449	2704
570	1327
612	5434
7450	11102
741	742
323	6281
2675	5431
64	1997
2635	4106
3392	10011
1889	12929
543	4592
678	6058
2380	2574
1249	5095
2888	3468
1998	15941
2522	7114
12	5996
5227	5228
2160	9012
3216	3217
402	3734
3468	4733
4561	5312
416	845
1850	1851
1452	7244
1433	3003
1095	4223
293	4875
102	6118
1410	5811
1323	2075
795	2477
3399	13082
1530	2742
4460	7321
3097	6136
1202	6177
1622	4320
1812	4618
5475	5818
1510	4485
4876	4877
3259	9999
1867	3717
5343	5792
690	2957
1090	6636
449	5784
6659	9295
7482	14732
407	1796
3255	3256
5019	5020
3558	9270
2385	2386
1378	1379
1491	1492
5002	11082
911	1048
1412	7197
0	6873
2097	4589
990	3383
206	451
2302	3633
2353	17150
1787	14994
1094	2490
359	1171
93	6839
1814	10754
2002	13601
1990	5658
2586	4662
126	2510
2017	2974
410	3082
503	3959
4147	6779
1450	3757
270	3689
5792	10647
5151	8477
1385	1590
1898	10997
790	1773
6992	10593
823	6276
851	4971
4993	10480
3210	7876
1041	4055
980	16436
1016	1847
4427	4428
3501	4524
3332	7634
3003	3183
5241	15456
3780	4824
96	7755
8	9
4112	4113
3286	7274
4269	14296
2707	6582
577	5280
758	1239
5619	10126
720	16287
6333	11418
3266	7699
7004	7208
863	5562
457	698
794	4027
4542	8798
2782	5622
244	1803
3263	8320
402	4026
795	1625
1375	3739
1022	6861
1756	2919
2361	5602
2147	15641
2399	11681
3097	3098
652	5053
914	10266
2347	2348
5509	12321
336	3553
3885	10963
3076	5375
760	3091
3671	4073
1088	3662
283	1246
2377	7084
451	6223
3806	6932
1317	3553
1041	1826
6660	6661
3290	3658
2610	2826
1894	2391
2232	4355
1289	1839
817	5886
9144	11724
5123	12714
8170	14901
1393	5203
1005	7316
3323	15006
142	5964
925	3828
279	2137
6567	10423
306	5239
160	161
444	5007
1989	12734
1168	1959
2666	12428
442	7338
1838	5602
1461	6206
3815	4692
3328	6371
1281	2809
4172	6829
3564	4694
13872	13873
690	3171
317	1891
891	8292
1157	12884
94	13687
136	137
3238	4590
882	7432
382	732
1838	2760
1382	4739
4977	5133
1700	1701
4897	8272
268	4662
1737	2357
3743	5351
2089	10078
3952	12493
3619	5842
5611	12139
3666	7046
5468	8772
1666	2026
1578	4326
3802	9870
343	344
848	15149
3660	7502
1172	17616
1484	5327
1563	1969
2021	5295
1339	11383
449	1644
185	5627
5339	5462
1009	1010
4469	10920
207	1680
5612	5873
270	1463
4378	11220
911	7750
151	3562
1171	12887
3679	4895
2863	3356
616	674
4660	8186
640	4086
2024	3973
467	1826
839	939
1617	3650
604	1656
678	6113
2947	7323
2209	7257
2104	4916
1876	11166
1378	4869
426	478
3629	6839
7157	7313
4579	6276
1853	3609
1593	1594
4390	4447
2319	2392
53	521
322	1826
891	13726
1290	2571
855	12114
7031	14204
1876	9971
2318	12139
5348	5349
4306	10979
2928	2929
1423	5327
2041	3825
297	9947
1213	13950
142	3091
4631	15083
3612	5598
2085	9200
1327	5461
1714	3979
8534	13135
245	6931
2060	7486
7225	11220
2441	11841
843	4840
1332	7159
3402	5477
5570	6981
1177	18945
487	7956
900	7503
1715	2842
1491	12958
577	4783
612	4181
3346	12278
2744	2745
188	5132
64	12479
1043	3744
6298	6314
3342	14053
3731	6876
2694	5445
5220	7699
2518	6290
2726	4282
1919	3516
2303	4056
2619	4293
7476	9879
1614	1865
2207	2698
2532	8764
4494	12428
1463	5655
4508	4509
377	8092
1600	4876
126	2090
223	1389
907	2246
2211	4739
40	851
604	2735
30	17553
3697	11752
705	1235
671	6438
3456	4834
433	4875
2707	3562
82	12330
2233	2234
3717	12084
2950	8599
827	13528
72	2958
3388	6384
4473	14930
3824	3825
3456	4487
1791	2912
833	8495
299	769
4292	4953
1054	5036
1108	3196
2182	4874
94	12902
1394	6182
3988	10039
2512	14305
2209	2391
1153	7876
1452	2002
1137	7826
4320	6800
3441	12314
6295	9581
1697	10695
2380	6333
1656	2974
5416	5417
206	9589
14072	14073
3969	7295
198	7341
47	1699
410	4328
3	4701
3064	5480
1704	3747
6422	8732
279	13779
2409	7514
656	12708
2080	7981
5060	9069
128	379
690	2956
3135	9551
204	2362
3429	4020
3418	5295
1275	3633
4388	6955
3426	3714
46	47
900	3849
700	701
790	1471
2506	7369
625	1047
426	4638
1386	5263
1123	15884
4774	10860
2387	5178
5852	8394
688	3133
623	2097
1003	2856
4435	4436
553	8770
424	933
160	497
610	2224
6570	10778
687	688
5874	12346
1855	4343
476	2343
3985	12050
6301	7480
1896	5455
5841	7667
322	422
2300	13816
911	7639
156	9034
85	4660
7936	8018
3	775
658	3088
2954	8836
292	9238
4392	8907
623	8320
2104	2744
4742	13584
821	2720
1341	3227
4950	5406
2687	7714
746	4588
377	6036
1705	4565
833	12251
605	5540
636	1212
3816	8278
9617	10334
887	4798
1554	1898
179	14380
1741	9063
60	11352
36	6196
32	9780
1468	1469
6781	6782
760	7284
4665	14634
3773	14429
108	3743
5546	10344
3806	4188
130	7092
776	7108
8172	10046
1978	7558
322	467
121	18302
32	2407
3748	8549
619	10369
1820	2945
872	15672
1496	3061
2378	4237
1087	12310
4824	5868
647	7139
2357	10725
394	12647
3795	8968
1292	4352
4474	6302
1153	6039
1563	4511
621	1047
2147	6417
4029	6227
1041	2574
1026	3220
2631	3818
451	5596
86	1768
2051	2335
517	1599
11425	12151
4498	9268
1135	7255
245	1116
3044	11659
7792	11806
5421	6438
1621	1927
7328	7540
689	6802
1059	1389
570	1105
7393	18686
128	911
5693	6898
2333	5602
1538	4595
621	4200
3156	3207
3626	6333
5461	10786
13005	17319
954	2450
2744	3256
1003	3281
412	7031
2533	3097
299	10610
17	1100
4633	5672
5276	8091
687	3438
1490	1892
900	10333
1799	3137
9844	14696
7225	14303
450	766
4355	4828
1323	4162
1028	14571
2752	4293
5863	6739
2958	16834
2220	11201
2006	3093
2102	10991
9332	14398
142	4200
4350	8172
5864	9845
7331	8382
5402	11114
6206	7523
3123	3690
763	13534
3266	4080
3120	8854
2141	9942
3738	4451
4468	4689
3010	6931
1003	8233
558	10962
4315	7981
449	6831
1578	4169
1306	10723
2302	3289
558	623
2343	4181
7502	7503
1153	16525
1235	1761
4223	14886
339	7663
3517	12583
2943	4458
50	10423
3036	8710
891	9296
950	951
2574	3626
1412	4876
345	1675
519	12584
8915	8916
1927	8753
1676	13260
64	16563
5133	9480
1773	12909
1637	7212
273	6997
2	11204
6598	15586
1005	6760
4199	9863
3949	4788
1488	1768
625	6383
3927	5613
16	12663
3054	7655
1045	15218
5907	9920
2344	15290
2106	5362
706	3977
273	8877
4229	8841
381	1600
637	1797
156	2115
1323	10880
3701	6189
3093	10392
3773	7920
68	8256
1479	4201
5628	14536
54	7150
40	1969
1394	2448
1927	3545
202	877
1001	12939
264	7073
621	4702
436	7143
4396	8076
586	9505
1054	3417
605	6005
4647	10533
3493	7331
901	1045
973	1266
3054	7473
826	1392
4037	4038
2921	6943
169	5714
119	2296
2903	4254
445	1394
1497	4839
1087	4560
4673	11643
1766	2334
1654	1655
4273	10928
202	2697
1465	1466
6995	6996
84	1549
2731	14864
1484	5741
22	6852
326	3526
1207	4983
286	839
446	2440
7979	9594
839	13216
2284	3299
1160	9457
960	8797
2953	12909
2174	3182
1282	5489
795	3280
69	4273
4579	4580
126	449
1421	13412
2781	14639
162	6560
354	3065
326	1899
1235	1322
3714	7283
342	476
1497	6484
1927	7965
3985	5658
226	13580
1498	6829
51	2385
1328	4843
437	3907
3003	10180
1728	4463
367	2149
230	9677
1041	1450
206	536
8089	10764
359	2681
845	1626
2175	11018
292	9926
7952	9107
32	8078
21	1274
481	10923
287	288
5745	7111
5737	11039
1386	3174
166	3512
240	4429
3422	4169
1696	4843
9880	14122
5291	9286
4196	9083
1839	3093
6545	7280
100	280
1429	5166
66	7718
827	8967
69	8443
5123	12905
136	5518
887	11220
4658	12169
2939	14853
9651	9652
3329	5613
5085	13372
1427	4840
5529	9849
1766	6444
678	1275
514	13917
3408	19060
1493	3044
5354	5627
3388	12017
2582	7450
996	2122
739	8854
3495	7965
2344	3253
5128	16353
4318	8320
1376	4152
573	1909
2118	12857
167	7660
952	2859
2579	5503
4176	5266
3123	3336
1023	1617
497	5887
7073	8770
1513	2952
4027	9947
6150	7414
2910	4654
2359	6826
3349	12186
1705	8796
3406	3407
954	1769
1867	11881
3097	9963
5811	9171
418	9788
56	4695
3003	6068
2378	10067
5704	10913
3002	6196
2542	7504
2424	10102
4651	5000
1077	2018
170	250
827	4948
403	2822
707	2996
828	1170
49	689
503	1826
119	15400
2180	2913
119	2760
2575	3196
566	567
1696	7252
5439	6103
270	4581
1736	4633
331	14750
255	790
3926	5515
3736	9676
1470	11013
470	4531
5366	11601
1249	15022
1566	5518
9946	10375
3158	4030
8183	8646
1094	4055
1914	3511
856	5312
166	6946
1236	12227
3142	3661
801	2863
1505	8361
2293	6520
864	5729
4326	4875
5931	12611
287	487
394	9566
4943	10727
2679	4924
1304	2906
3044	9578
168	1304
5852	5853
1816	8022
7205	7866
1396	2749
392	3027
872	10869
1330	2565
1697	2447
3	294
2336	5703
1757	3057
2460	6564
1670	2794
6927	6928
2367	3473
1284	5475
3981	7836
2009	8196
625	3260
2794	5695
2571	5201
4269	16061
1016	2374
2137	2798
5653	13135
3019	3431
1510	8222
6627	6628
444	1423
5861	11281
117	6721
487	5139
2551	3483
13338	16772
490	1175
4709	5378
1002	7617
3261	12188
347	19061
2973	2974
1256	16584
300	10376
10318	13412
974	1946
3701	4898
120	5133
2506	14532
166	1542
1868	6276
2416	10838
1131	4729
2760	5767
914	16667
4742	7267
2556	4594
5742	8852
435	6062
3727	4106
4874	5619
1040	2493
880	5583
4032	4138
2362	3804
4966	6241
1274	2414
2371	7034
2674	2675
974	12909
487	7108
1080	13022
790	1431
485	6109
255	11862
5133	11260
3392	7952
1786	8730
326	4071
3145	8263
3210	7976
1968	6719
3611	4917
1188	4702
7930	9268
2069	16192
4043	7523
621	13434
596	1097
3388	9012
1222	7301
1911	7503
94	19399
1204	3256
2571	4662
10465	14161
341	10879
1841	3138
84	7084
382	5393
685	864
1497	4275
1974	4957
202	516
440	6818
13273	13740
2869	5051
2051	14457
611	3004
608	6645
2196	3447
6155	6156
1296	3267
525	10360
1980	7511
690	916
3299	4983
722	3932
258	1423
1494	4856
8202	11659
3317	3512
387	2111
3329	6141
1575	9856
3820	10990
3311	6130
5588	9860
5345	5346
611	14433
5861	15095
436	5643
1284	4211
1153	4840
556	557
11501	14319
7501	7970
228	2618
1563	4971
303	776
2116	2467
4043	6145
662	9436
1128	1166
6941	7179
2907	3935
3654	9852
5422	5423
4407	8011
2589	5318
2506	11910
273	6266
2023	10098
2647	13498
1427	11694
604	6448
2415	5601
6934	7299
1009	1317
3558	5523
2815	11681
4496	7801
1040	10869
2883	16198
11	8432
908	3016
672	4037
3428	8729
1929	3828
1249	10721
55	2174
3950	16036
2753	3296
3880	3881
327	790
1608	6168
2064	6490
2383	8298
179	19122
3216	3564
277	2479
1780	15653
747	2182
598	907
8403	11129
3388	11527
72	321
4520	11253
6903	12870
1228	2144
200	2319
5744	6476
94	95
6001	6238
409	1841
502	3734
354	1258
1329	1473
2928	8211
3101	3140
5241	6419
1087	5182
2022	9971
445	3633
1467	9606
2409	3356
416	9984
826	827
3456	7970
32	229
573	6206
882	6531
5767	13836
539	11728
8781	10763
4412	6179
84	10748
869	873
919	14578
257	258
2764	3167
1780	5073
880	6266
2958	13018
497	611
4324	5828
1757	9142
2958	9997
4013	8753
3341	3773
1650	6642
1100	1804
5336	11663
1873	5451
130	10050
1233	2302
4268	4654
301	3282
1768	7629
261	5729
1704	5151
476	8827
4726	5596
2544	2880
2159	10043
2748	10811
3346	9804
1292	3690
205	2362
72	6892
838	8202
3605	3606
1305	2593
3809	17997
2782	6892
2682	3362
2040	3329
6184	6877
271	326
175	4064
2599	3810
107	5380
2740	10535
4992	8728
2154	11699
3941	7637
901	6902
4796	8786
6257	11082
4570	4571
1549	2532
3054	9232
444	1773
11760	11761
441	2848
13613	13614
6605	9801
347	1851
512	1943
205	3838
2799	5963
107	2775
1311	7683
4595	7229
4637	9767
198	894
300	14303
78	2532
1840	2473
5704	5705
836	3006
1622	18032
1847	12757
1559	1560
2953	5343
180	2013
355	15703
202	11711
2369	8064
777	8320
3797	3834
2913	5220
1015	7671
2856	4631
1661	3894
4792	6796
3321	5778
2241	7814
104	5492
204	4250
4135	5296
1565	7725
1896	4021
1828	7568
1061	7606
5833	7981
1116	9934
365	13131
2707	6464
7667	9953
6338	11887
5635	15989
166	167
36	801
3750	9938
70	15531
1177	3794
70	7596
1290	5962
3036	8320
823	8301
317	1061
3052	5016
1947	8382
2500	10453
64	1026
1838	8826
1722	12436
612	2423
3946	4393
7084	8763
20	2124
847	5691
292	4143
9041	9970
330	2139
1340	3954
2841	5206
9849	10532
6195	9248
1777	4152
6918	8264
3054	3925
1450	5080
1921	1922
3280	11931
2148	2236
1003	12056
1599	4218
394	6201
417	3653
3402	4330
2790	6329
2958	2974
454	5596
7704	9781
426	2335
2097	16883
1303	4726
1958	13027
3490	9833
1463	1522
1202	5548
46	5379
4824	7355
424	925
4792	4793
126	2022
1670	13552
121	11785
3881	6026
400	3902
489	502
3281	4025
211	1599
865	1503
7303	12448
417	1738
268	3941
6391	11704
4742	13965
414	1412
369	4080
5420	5688
3497	4175
3114	6874
4125	6113
1055	3280
6832	14575
9785	15937
1856	15625
1551	6204
2415	7748
205	724
865	3046
9072	13247
1028	1945
3929	5234
644	5164
763	1015
326	341
2503	11859
2389	6943
3990	7187
2128	6150
621	7026
4353	10312
1783	9859
900	2040
1421	14592
1071	13709
2333	3664
3577	8672
2574	11161
3345	6234
8829	11513
277	2704
4915	9349
444	3844
2351	3750
783	15277
729	3710
924	1186
3935	7711
3464	6863
279	8422
2376	6790
1898	1974
6789	7033
2668	6890
1203	15021
585	5253
1791	7556
1644	7706
1095	4429
3517	7952
6681	8770
3898	7407
54	4255
612	2415
2339	7195
5900	5901
21	1599
428	3296
775	13064
2064	10329
1839	2006
2928	5794
8329	8457
1226	5955
2450	6888
345	2066
127	3936
827	3140
685	2606
3321	6915
2172	5439
90	790
156	10695
1578	5002
2497	6045
646	7328
3689	5640
864	5241
4604	11329
1042	1043
3212	12631
2232	7123
7181	10897
827	5982
4358	8572
2058	3841
1614	2859
86	6037
128	129
5960	9889
3611	7594
701	1766
309	11072
2058	5417
720	9806
1849	12641
4061	11180
3714	4464
5895	5896
2056	2708
2954	11084
2224	8330
2649	3129
453	2774
4376	5868
11536	13237
1314	13144
627	3604
741	3260
571	3400
1850	18205
1319	5360
637	1275
1320	2734
3190	4952
7623	7683
2825	2826
638	13414
1750	13043
1305	5073
18	14142
3517	8901
1534	2022
2810	7187
7543	10303
2607	7468
5741	6172
1704	2213
887	3644
324	4938
8928	10682
2247	6980
435	2158
1930	15630
3182	5602
1748	18158
1389	9294
622	1188
6523	8027
1886	3950
1222	16298
1270	2950
577	578
1752	8779
2172	6017
1633	9854
353	3194
3828	7033
384	790
446	869
3357	12678
1687	2708
958	959
845	6276
6366	8715
437	1217
4152	7704
589	5014
1403	15490
496	1186
36	14512
599	600
3407	5468
770	3114
657	1584
877	4843
4742	4743
1544	1545
495	1678
8760	10700
439	1633
326	4169
177	2585
2991	6448
4591	5298
941	5121
1334	4249
1002	10700
6896	11638
1592	17917
623	1072
3328	3365
2551	12877
1078	1871
126	1530
1987	3471
3019	13102
4417	12597
4131	11810
494	8760
1479	5417
575	1207
42	1297
321	1088
46	53
289	3208
2719	11628
642	10172
698	2685
857	7295
4978	13305
3195	3764
3241	3345
900	8050
3714	7637
3171	8064
5042	6157
553	9295
66	2932
4160	4237
224	2995
3739	8280
3798	11984
6550	7321
198	199
2005	3317
1281	5283
355	15255
496	1929
1932	9480
9622	9661
14901	15330
3027	3760
3067	3405
2779	3853
3054	8336
218	9551
322	5878
1676	6814
841	9470
3191	11739
790	817
1768	3046
4973	10429
1212	4242
5123	14603
755	4043
3123	16280
2627	2628
2793	10115
668	13958
297	2403
2408	5344
7943	15092
623	1714
1045	11351
4474	10145
3207	4316
2811	6364
423	2017
3121	3300
570	2358
146	3812
2408	2468
1056	2236
279	6884
496	5010
4851	5633
2323	3296
570	1530
976	9102
7208	8666
3747	6223
329	491
5803	6982
1513	4698
4181	5445
8938	14802
1913	13584
443	4030
8561	11493
3149	8171
644	8505
2358	4935
1429	6207
3455	12165
1733	4200
7432	13237
2123	5038
477	2432
460	2954
11121	11122
2880	3848
908	3289
2633	2634
1337	5353
2141	4415
2460	2749
3644	8174
4017	17118
3216	4996
2412	4223
2609	3937
776	5849
1737	7106
4289	7949
1205	2755
1123	12910
59	8169
1157	6659
1557	12918
3743	15293
11442	11443
656	1444
976	15195
11891	12625
3502	13873
566	5368
2118	13782
1098	5374
309	9875
3019	18647
3530	9189
4223	5193
354	2497
864	5534
864	2428
1486	4501
2085	4843
3371	10877
873	3583
3088	13843
2342	2618
498	4141
572	18463
4742	7503
48	9033
2748	5323
1955	1956
1576	2233
2666	7414
845	3925
2199	3367
1352	1974
1324	10134
924	4623
827	1013
1294	14513
642	3446
1004	4448
488	13720
3145	4308
1481	6314
579	580
1902	3941
610	2321
1324	5991
7848	8620
1254	7370
11355	11780
1905	10836
3141	8563
845	17103
1292	8379
2396	5628
1177	10089
4633	7402
5387	9293
2894	3583
108	10911
1317	8064
2300	9506
4378	10376
886	4019
403	3747
4534	4535
2360	5516
2085	6869
1207	2450
1958	13950
51	5118
1473	10493
2684	7167
813	6126
1279	4261
1921	14604
821	3498
3349	3794
804	4150
1600	1882
3878	3950
4734	12049
166	4748
10424	11395
3410	6892
1612	1814
1839	4951
169	10535
2819	9498
920	1061
1680	1930
1041	4218
6074	7971
8302	10179
1300	7337
6301	14619
1296	11509
1324	7095
4099	8634
1342	9947
1078	3281
1098	9015
9571	15100
1792	2320
120	2910
3936	4358
2089	4061
1600	11345
1004	4918
941	2636
8612	15779
796	6760
1293	5551
908	2922
4356	5434
7780	10836
1577	2618
1995	6915
1379	3736
245	1276
2589	5214
5304	18989
4732	10585
2506	3829
864	2127
38	3080
82	1440
2109	10029
3102	8581
317	487
90	5854
4713	5662
1898	4733
4449	12204
459	1617
286	3097
4188	5383
1201	1851
3666	10435
1017	6167
3231	5239
1052	1488
175	3220
1078	7138
1483	6886
3025	13112
168	5946
3415	18218
4734	6383
202	954
2647	12895
2	3
472	3713
1207	11722
5241	11628
38	2119
64	3716
438	2302
392	3238
72	1149
141	3372
3929	9596
1644	11277
758	11995
4525	5288
5913	7198
6448	7249
823	1869
1275	6182
451	659
770	2432
59	5265
1241	3276
2792	5772
889	3965
103	11383
776	5495
1848	8827
2012	10296
453	4417
828	1078
2625	7238
1003	6440
1339	6665
5492	12882
369	612
6567	11359
3549	11752
5267	7175
317	1221
226	10825
345	5878
1919	3950
2066	2574
1656	8031
476	2279
4731	9859
2512	6273
5027	6830
1507	1770
3950	8664
789	6276
92	446
1152	7641
511	13713
2175	6477
10178	12987
573	1676
10847	11223
3117	16907
1005	17863
2675	9177
1243	1244
2108	2782
2575	13599
2641	11347
188	7620
9077	15433
359	3281
4157	6999
5509	12866
3887	4108
106	4211
381	3046
1001	10147
445	3152
4792	17554
1539	9209
216	8882
1735	2465
306	741
636	9992
864	7450
382	5944
3040	8028
1389	3165
3292	11908
3555	6961
1622	1840
923	2506
3907	18453
678	4026
309	14094
1576	1804
70	6516
1016	3917
3	11487
1378	7341
2740	4747
1507	12345
3401	5690
1554	1929
621	622
1290	1439
7305	8226
2813	10599
1170	5699
620	1780
9	5975
2606	8882
1072	12491
3152	7706
3887	4043
2070	8765
166	865
4930	4931
1288	11330
1152	6604
199	2237
6948	8102
1499	9035
11325	11918
2236	3998
1927	4013
672	14258
323	10860
654	10443
1077	5081
2046	7274
450	18831
66	1266
224	1078
2718	5375
7243	10757
4392	6149
2564	4077
3329	7876
544	1471
2244	3927
1452	12074
2402	2633
880	13582
6086	6087
1475	4211
1562	6721
8170	8282
287	2217
638	4064
5704	7405
5461	5462
6224	11390
2956	17505
1228	1389
1554	4031
4121	8133
156	13020
1945	8027
3257	3428
2482	4733
6301	9995
1972	3981
2718	4586
4399	15236
1139	1927
1898	6010
719	6902
7157	12714
3815	6347
36	37
2779	4378
1610	14172
94	3301
5461	11434
7063	7230
639	2017
1627	1628
2685	4543
3097	7334
3922	10498
5345	6422
1226	5792
1324	8280
5623	6501
2476	3030
1799	7736
3639	7408
2213	13456
140	13834
3371	8792
589	7680
4131	9910
2174	2974
768	11760
1917	9961
2844	14125
5711	7299
4220	4532
5655	13059
444	15667
437	693
4128	7341
1096	1097
1077	3182
1052	9673
10161	10580
2328	12019
8047	8938
642	16500
2080	9866
483	7502
259	4572
2893	4856
596	8697
1275	2689
2556	3100
32	10761
3169	7073
4412	6058
5246	17722
1467	4289
1787	12175
215	216
5627	6605
1545	2954
426	12892
491	3950
1815	5861
1862	2936
1829	4114
4292	10091
86	11418
659	2358
3299	12330
5627	5655
2793	4560
423	5295
209	770
407	8360
3036	3148
7008	14340
1165	1852
1529	14159
693	2148
3558	3559
445	2744
647	1439
1471	6226
3926	6894
1443	2204
1043	3270
375	693
2116	11370
2246	4055
3785	4274
6506	8646
2580	16783
4179	7455
1341	7824
2112	4679
146	9912
47	2780
2243	2244
1768	4316
20	17189
7205	12430
1573	5652
1041	1094
2302	4026
3361	5611
2450	7326
1939	6252
215	8070
255	9851
310	1393
1356	6870
3809	11173
399	4275
285	1329
2365	2952
1320	3279
175	908
877	1385
3563	4130
603	2282
3040	7301
1332	7343
4917	5598
205	5611
2897	11323
1325	7706
5070	5071
392	3508
1177	6053
2189	12219
180	13036
1153	6004
790	1780
2018	3553
934	1812
487	2133
3802	6374
239	4026
1696	16066
1177	10024
774	3006
1878	1879
3281	7129
3816	5380
1839	1840
3169	8166
261	7255
707	5479
1439	11180
454	1867
1880	11457
3216	15528
2502	2852
5339	11096
3639	4049
1431	4337
2821	5334
2789	10604
1320	4010
4040	5745
1712	13450
299	10468
1094	4064
7462	17261
355	10396
287	6576
753	8502
2098	4553
1045	9808
672	2378
3	1597
487	1061
2356	5459
1880	1881
5847	11934
11013	11600
3262	6752
3388	3743
3145	11524
2827	3163
255	12892
3926	5173
426	6053
1647	2506
691	1563
3691	4145
2802	14798
3933	7939
3243	8062
7008	17867
1676	2794
4950	6533
261	3083
1461	9316
2281	5220
2375	3208
1829	3394
521	8382
226	6346
1107	1886
514	835
4159	9659
2641	4329
4866	13622
4123	11137
7114	9371
3142	13483
2719	2720
7407	13272
891	14042
855	5120
6024	13378
246	6405
2953	5327
1245	13546
6364	7809
3210	16133
6058	9158
254	7526
1589	8783
797	4714
2723	4739
1846	3861
1290	10130
7711	8113
3867	9348
1400	11933
78	7505
2365	5327
3244	3456
2277	2362
170	258
560	5461
4316	8839
700	3213
1217	1218
4568	8121
2116	4240
1593	7133
184	1464
6223	6802
2293	3249
1799	4316
865	1323
9484	14225
93	4953
819	2786
3877	10259
2424	10152
3036	6371
2430	2908
4877	5483
1727	9665
1878	8682
790	2428
1266	2973
1107	3883
502	547
2286	3503
341	6603
2217	6489
2182	7432
1007	6521
270	3247
800	3769
467	11648
4668	4669
5727	12597
3365	4577
3052	5163
570	7699
423	829
3883	6134
1877	5557
5348	11826
623	2382
369	2618
218	2853
28	444
839	14507
1867	5819
224	9621
864	1431
1904	13231
3216	11409
2363	2817
4422	17514
1385	2945
3074	3750
6792	7832
906	9960
2106	10233
2987	4572
2323	4840
5594	5595
320	2675
6535	9586
394	395
3919	16886
47	1236
1828	1829
8	5738
1274	2682
1838	15942
3816	4992
751	6658
1704	2689
638	639
1867	5196
1913	10333
4550	6573
68	3735
1545	3992
294	369
3199	8491
4542	5323
2026	9424
3	1007
2479	3101
612	4357
524	1337
1204	5779
877	1208
689	3599
2360	4700
299	888
489	1793
1400	4485
74	1544
1175	3877
1909	8717
2943	7711
4045	10537
1219	1390
3969	5333
1542	1543
1712	3238
1207	2681
4618	8892
3093	5367
1654	8319
445	3426
3973	7985
884	2456
2571	7501
444	7814
2735	5641
595	1374
125	5858
92	502
2482	5946
4760	18968
1356	2675
1350	7238
3319	6328
3744	6461
8968	17456
3266	8967
988	3666
733	7617
6110	6111
1437	8635
1714	6251
1704	2744
3152	10091
2551	6398
638	690
624	4089
4563	5168
3705	4101
966	6341
235	446
1043	1330
1177	6207
3371	8378
2820	18863
1959	13720
2506	4121
1678	2618
3925	6932
1395	2302
973	1317
2842	12840
100	8959
3235	5593
2746	6862
889	2407
621	1392
381	16750
478	13966
1888	1889
893	17659
4764	12209
2278	2760
771	7356
3142	11065
672	6176
14	15
550	2026
3528	7603
1748	8071
176	1056
589	16112
6992	15432
2022	2775
139	4939
2517	8183
2713	6524
524	3041
5851	6143
317	4079
3234	3235
615	13246
175	746
5464	12018
1467	1588
514	5334
1612	6665
4254	9785
282	6328
322	2393
790	2561
7623	14340
2066	2490
99	4329
1850	10727
118	4726
4044	12292
2342	2407
880	3625
2790	12479
2606	6348
329	3336
4058	4059
1454	3177
412	413
2012	15911
3141	4163
206	6418
361	2333
877	9845
4378	6196
904	14795
815	1418
3	2415
936	2518
1086	6439
1156	2040
