0	0
1	1
2	2
3	3
4	4
5	3,5,6,7
6	8
7	9,0
8	10
9	3,5
10	3,0,11
11	3
12	3
13	12
14	10,13
15	3
16	3,5,6
17	4
18	14
19	15
20	14
21	3
22	9,16,17
23	0
24	16
25	5
26	0
27	3
28	11
29	16,17
30	9,12,5,18,19,16,17,7
31	5
32	9,14,20
33	10
34	21
35	19
36	0
37	19,22
38	12
39	4
40	15
41	14
42	23,24
43	12,18
44	0,5,22
45	5,19
46	9,25
47	26,27
48	9
49	14,15
50	15
51	9,28
52	9,5,25,19,16,17,7
53	18
54	25,10
55	3
56	9,25
57	5,19
58	0
59	9
60	9
61	29
62	9
63	9,5,19,17,7
64	28
65	14
66	19
67	9,5,19,16,7
68	5,30
69	3,5
70	9,5,25,19,16,17,7
71	9,16
72	5,19
73	9,5,19,16,17,7
74	3,5,6
75	3
76	28
77	0,5,31
78	12,18,19
79	9,5,19
80	9
81	20
82	9,5,19,16,17
83	14
84	5
85	16,17
86	5
87	12,18
88	3
89	11,21
90	9,19
91	9,28
92	14
93	9
94	3,5
95	0
96	9
97	0
98	9,25,10,7
99	9,10
100	9
101	9
102	9,12,19,16,17,7
103	3
104	18,19
105	25
106	19
107	9,16,17
108	9
109	9,5,25,19,17,7,32
110	3
111	3,5
112	9,33
113	9,5
114	9,34
115	3,5,6
116	9,18,17,7
117	9,19
118	5,19
119	16,17
120	25
121	5,23,24
122	3,5,6
123	9
124	3,6
125	9
126	3
127	33
128	9
129	3
130	3
131	9,19,10,16,17,7,32
132	5,16,17
133	7,35
134	19
135	9
136	5,19
137	9,16,17
138	9,12,5,33,25,19,16,17,7
139	19
140	0,4
141	19
142	9,16
143	9
144	29
145	28
146	9,19
147	25
148	9,19,17,7
149	12,18
150	9,19
151	9,25,19,10,7
152	12,18
153	19,16
154	9,3,5,25,19,16,17,7
155	12
156	3,19,16
157	9
158	19
159	9,16,17
160	25
161	9
162	0
163	9,12,19,16,7
164	25
165	9,18,19,7
166	3,5,6
167	9,5,19,7
168	18,19
169	9
170	5,19
171	9,16
172	9
173	9,17
174	9,5,19
175	12,18
176	9,7
177	9
178	9
179	5
180	0
181	12
182	9
183	25,10
184	36
185	19,7
186	19
187	9
188	9
189	9,5,19
190	12,18
191	9
192	14
193	0
194	19
195	3
196	3,5
197	9,7
198	19
199	9
200	9,5
201	9
202	25
203	16,17
204	5
205	3
206	9
207	9,5,25,19,16,7
208	9,19,16,17,7
209	9
210	3,19,7
211	29
212	9
213	19
214	19
215	18,16,17
216	19
217	9
218	9,17,7
219	9,19
220	9
221	3
222	9,12,5,25,19,17,7
223	5,19
224	9,16,17
225	19
226	19,16,17
227	9,19
228	5
229	9,16,17
230	12,18
231	9
232	19
233	14
234	9
235	9
236	9,7
237	9,5,19
238	9,12,18
239	3
240	25
241	3,5
242	5,19
243	3
244	9
245	19
246	19
247	9
248	9
249	9,5,17,7
250	9,19,16,17
251	9,19,7
252	0
253	19
254	9,12,18,16
255	9
256	25
257	9
258	9,33,19
259	20
260	9
261	19
262	5
263	33
264	12,18
265	9
266	9
267	25
268	19
269	19
270	19
271	19,16
272	9,19
273	19
274	9,19
275	9,19,16
276	9,12,5,18,19
277	9
278	19
279	9,5,19
280	19
281	12,18
282	12,18,19
283	9,16,17
284	28
285	9
286	20
287	5
288	7
289	10
290	9,19,17
291	9
292	9,19,16,7
293	25
294	9,25
295	9,33
296	9,25
297	9,7
298	12
299	3
300	12,18
301	9,25
302	9,25
303	7
304	9,16
305	9
306	5,19
307	9,19
308	5
309	9
310	9
311	5,19
312	9
313	9,16,7
314	12,18
315	5,19
316	23
317	9
318	9,17
319	9
320	9,19,17,7
321	25
322	9,16,17
323	9
324	3,5,6
325	19
326	9,25
327	9,19
328	9,25,19,10,7
329	9
330	12,18
331	25
332	25
333	25
334	9,16,17
335	16,17
336	9,16,17
337	9
338	9
339	9
340	19
341	19
342	12,18
343	12,18,19
344	5
345	19
346	25,10
347	9,7
348	9,5,19,6
349	9,3,5,7,32
350	5
351	9,19
352	9,17
353	25
354	9,5,19
355	19
356	25
357	9
358	28
359	19
360	9,19,7,32
361	9
362	19
363	12,18
364	10
365	19
366	9,16
367	9
368	9,25,10
369	9
370	19
371	9,16,17
372	19
373	25,10
374	19
375	9
376	5,19,16
377	9
378	19
379	9,19,17
380	2
381	9
382	19
383	9,33
384	25
385	25
386	9,16,17
387	9
388	9,19
389	9
390	9,19
3581	7
391	19
392	9
393	9,5,19
394	19
395	25,10
396	12,18
397	9
398	12
399	14
400	9
401	9,5,19,17,7
402	9
403	12,18
404	20
405	9,19,7
406	9,19
3582	9,5,19,16,17,7
407	9
408	9
409	5
410	19
411	25,10
412	9,25
413	19
414	9,7
415	25
416	9,19
417	25
418	25
419	9
420	9
421	3
422	9,19
423	9
424	9
425	9
426	19
427	5,19,16,26
428	9,16,17
429	9
430	25
431	19
432	9,3,19
433	12,18,19
434	25
435	25
436	19
437	9,19,7
438	25,10
439	9
440	18,19
441	9,17
442	9,19
443	5
444	12,18,19
445	9,19,16
446	14
447	23
448	9
449	12,18
450	19
451	9,16,17
452	9
453	9,5,17,7
454	9,16,17
455	25
456	25
457	9
458	19
459	25
460	9
461	9
462	9
463	9,16,17
464	9,12,19,17,7
465	25,10
466	9
467	9,28
468	20
469	9,19
470	9
471	9
472	9
473	9,16
474	19
475	25
476	19
477	9
478	12,18,19
479	12,18
480	9,19,7
481	19
482	5
483	5,19
484	25,10
485	19
486	25,10,7
487	19
488	9,16
489	25
490	25
491	19
492	19
493	9
494	9,12,19
495	33
496	7,32
497	9
498	3,6
499	9
500	9
501	5
502	9
503	9
504	16,17
505	9,16,17
506	9
507	26,27
508	9,19
509	9,19
510	9,17
511	19
512	9,19
513	9,19,17,7
514	5,19
515	19
516	3
517	25,10
518	9
519	3,5,19
520	9
521	9,3,5,10,16,7
522	25,10
523	19
524	9
525	9,16,17
526	9
527	9
528	12,18
529	19
530	9
531	25
532	9
533	18
534	9,7
535	9,16
536	9
537	16,17
538	9,16,17
539	9,19
540	9,19
541	5
542	9,25
543	9,16
544	25
545	9
546	9
547	9,16,17
548	9
549	14
550	9,33
551	9
552	9
553	5,26,27
554	25,10
555	9
556	9
557	19
558	25
559	0,5,4
560	9,16
561	12,18
562	9,17,7
563	9
564	19
565	10
566	19
567	12,18
568	12,18
569	32
570	9,3,5,17,7
571	5,19
572	9,33
573	9,19
574	9,5
575	9,7
576	9
577	19
578	12,18
579	25
580	9,16,17
581	9,16
582	19
583	5,19
584	9
585	9
586	3
587	9,33
588	33
589	9
590	19,7
591	9
592	9,16,17
593	19
594	14
595	9,17,7
596	19,16,17
597	9,16,17,28
598	25
599	9
600	19
601	9,17
602	25
603	19
604	12,18
605	9
606	9
607	9,19
608	18,19
609	9
610	19
3583	9,7
611	9,16,17
612	3
613	9,12,5,25,7
614	9
615	9,19
3584	9,3,5,7
616	25,10
617	9,7
618	3
619	9
620	3,5,6
621	9
622	9
623	25
624	19
625	9
626	12,18
627	9,19,16,17
628	9
629	9
630	9,25,19
631	9
632	9
3585	15
633	25
634	9,16
635	9,12
636	10
637	9,19
638	18
639	19
640	9
641	25
642	5
643	9
644	9,7
645	9
646	9,16,17,7
647	5
648	25
649	12,18
650	12
651	9
652	9
653	9
654	25
655	9
656	12
657	9,16,7
658	33
659	19
660	5
661	25,10
662	9
663	9
664	25
665	16,27
666	9,17
667	9
668	3,5,6
669	9,16
670	20
671	9
672	9,19
673	9
674	9,19
675	9
676	16,17
677	25
678	5
679	18,19
680	3
681	9,16
682	9
683	9
684	9
685	9,19
686	25
687	23
688	9
689	5
690	9,18,19,16,17
691	12,18,19
692	9,25
693	9
694	9,3,19
695	9
696	9,16
697	5,19
698	9,19,7
699	9
700	9
701	9
702	25
703	25
704	19
4683	19
705	5
706	25
707	32
708	25
709	9
710	25
711	5
712	9
713	25
714	5
715	16,17
716	25
717	19
718	25
719	35
720	12,18
721	9
722	9
723	25
724	9
725	9
726	25
727	9
728	19
729	9,19
730	19,16,17
731	28
732	19
733	32
734	9
735	12,18
736	9
737	25,10
738	9,7
3586	9,7
739	9
740	5
741	19
742	9
743	9,19
744	19
745	12,18
746	5,26,27
747	12,18
748	25
3587	9,7
749	19
750	25
751	9,17
752	12,18
753	9,16,7
754	9
755	9
756	9
757	9,19
758	19
759	25
760	25
761	25
762	19
763	9
764	9
765	9
766	9
767	9
768	9
769	9
770	20
771	9
3588	9
772	9,33
773	25
774	12,18
775	9
776	5
777	9
778	37
779	19
780	12,18,19
781	19
782	9,16,7
783	9
784	5,6
785	9
786	9
787	9
788	12,18
789	25,10
790	9,19
791	9,19
792	9,17
793	9
794	9
795	9
3589	9,7
796	12,18
3590	18,19
797	9
798	9,19
799	9
800	9
801	25,10
802	9
803	9
804	16,17
805	18,19
806	9,17
807	25
808	25
809	5
810	12,18
811	9
812	5
813	25
814	12,18,19
815	19
816	9,25,10,7
817	9
818	25
819	9,19
820	12,18
821	9
822	12,18
823	9
824	9
825	19
826	9
827	9,16,17,7,32
828	9,19
3591	25
829	9,19,7
830	25
831	2
832	12,18
833	3
834	19
835	25,10
836	25
837	9
838	25
839	9
840	16,17
841	9
842	16,17
843	12,18
844	19
3592	25
845	19
846	9
847	9,16,17
848	9
849	9,17
850	9,19,7
851	12,18
852	9
853	19,16
854	9
855	12,18
856	9
857	9
858	9
3593	9,19
3594	9,33
859	9,16,17
860	9
861	5
862	5
863	19
864	12,18
3595	9,19,17,7
865	9,5
866	9,19,17,7
867	25
868	9,16
869	19
870	9
871	5
872	9,19
873	9
874	9
875	25
876	9,17,7
877	9,7
878	9,5
879	25
880	25
881	9
882	9,19
883	9
884	9,19
885	25,10
886	25,10
887	25
888	19
889	12,18
890	9
891	12,18
892	16,17
893	9,16,17
3596	5
894	25
895	9
896	9,18,16
897	9,19,7
898	3,16
899	25
900	25
901	25,10
902	9,16,17
903	12,18,19
904	9
905	18
906	9
907	9
908	19
909	9
910	25
911	33
912	16,17
3597	9,25,10,16,7
913	9,19,16
914	19
915	9
916	9
917	9,19
918	38
919	25
920	19
921	9,16
922	9
923	10
3598	9
924	25
925	9
926	19
927	9,5,19
928	9
929	25
930	9
931	9,16,7
932	18
933	16
934	33
935	32
936	9,19
937	19
938	9,16
939	12,18
940	12,18
941	19
942	25
3599	9,7
943	5
944	9,12,5,16,7
945	9
946	9,19
947	10
948	19,16,17
949	9
950	9,16,7
951	25
3600	15
952	19
953	9
954	5
955	9
956	9,19
3601	19
957	25
958	9,16,17
959	16,17
960	12,18,16
961	9
3602	9,19,7
962	5
963	9,16
964	9,16
965	9,19,7
966	9
967	9
968	5
969	9
3603	16,17
970	9,5,7
971	18
972	25
973	25
3604	9
974	16,17
975	25
976	19
977	9
3605	25
978	16,17
979	9
3606	9
980	9
981	9,19,16,7
982	9,17,7
983	9
984	25,10
985	5
986	9,19
987	18,16,17
988	10
989	9
990	9
991	9,16,17
992	9
993	25,10,7
994	9
995	18,7
996	25
997	12,18
998	5,19
999	12,18
1000	25
1001	9
1002	16,17
1003	9,19
1004	16,17
1005	25
1006	33
1007	9
1008	9
1009	9,17,7
1010	9
1011	25
1012	9
1013	9
1014	9
3607	19
1015	9
1016	3,5,19
3608	5
1017	9
1018	19
1019	25
1020	9
1021	19
1022	9
1023	12
3609	25,10
1024	16,17
1025	9,19,16
1026	9,16,17
3610	16,17
1027	16,17
1028	9,19,16,17
1029	25
1030	9
1031	9
1032	9
1033	25
1034	19
1035	9
1036	9
1037	3
1038	21
1039	19
1040	25
1041	25
1042	5
1043	9
1044	19
1045	9
1046	9,19,7
1047	25
1048	9
3611	9,18,17,7,32
3612	9
1049	9,33
1050	25
1051	25
1052	12,18
1053	19
1054	12,18
1055	25
1056	9,19
1057	9
1058	19
1059	9
1060	5,19
1061	32
1062	9
1063	9
3613	7
1064	9,16,17
1065	25
1066	9,16
3614	9
1067	27
1068	25
1069	9,17
3615	9
1070	9,5,19,22
1071	9
3616	27
1072	23
1073	12,18,19
1074	9,16
1075	16,17
1076	9,33
1077	12,18
1078	25,10
1079	9
1080	9,16
1081	9
1082	9,19,7
1083	19
1084	19
1085	9,16,17
1086	12,18,19
1087	9
3617	25
1088	25
1089	9
1090	19
1091	9
1092	12,18
1093	19
1094	12,18
1095	9,5,17,7
1096	9,12,18,16
1097	12,18
1098	12,18
1099	9
1100	25
1101	12,18
1102	10
1103	9,25,10,16,7
1104	33
1105	9
1106	9,19
1107	12,18
1108	19
1109	12,18
1110	25
1111	19
1112	25
1113	9
1114	9
1115	9
1116	25
1117	9
1118	12,18
3618	25
1119	9
1120	25
1121	25
1122	9,19,17
1123	19
1124	10
1125	33
1126	16,17
1127	9
1128	19
1129	33
1130	9,16
1131	9,19,7
1132	16,17
1133	19
1134	16,17
1135	9
1136	19
3619	25
1137	9,16
1138	18
1139	19
1140	25,10
1141	19
1142	25
1143	19
1144	25,10
1145	12,18
1146	9
1147	19
3620	19
1148	9
3621	25
1149	12,18,19
1150	9,16,17
3622	16,17
1151	25
1152	9,16,17
3623	9
1153	10
1154	25
1155	12
1156	25
1157	9
1158	5
1159	9,7
1160	32
1161	16
1162	25
1163	33
1164	25
3624	5,19
1165	19
1166	25
1167	19
1168	9,16
1169	9
1170	4
1171	5
1172	12,18,19
1173	5
1174	25
1175	9
1176	9
1177	9,7
1178	25
1179	9
1180	9
1181	5
1182	9
1183	9
1184	9
1185	9
1186	10
1187	19
3625	25
1188	16,17
1189	9
1190	9
1191	9
1192	9,16
1193	19
1194	9
3626	12,18
1195	25
1196	5
1197	12,18
1198	12,18
1199	5
1200	9
1201	9
1202	9,16,17
1203	5
1204	9,7
1205	3
1206	12,18
1207	9
3627	12
1208	5
1209	19
1210	5,4
1211	9
1212	9
1213	5
1214	12,18,19
1215	25
1216	9
1217	25
1218	25
1219	9
3628	9
3629	9,25,19,7
1220	9
1221	9
1222	9,16,17
1223	19
1224	9,19
1225	9
1226	9,19
1227	25
1228	9
1229	25
1230	16,17
1231	9
1232	9
1233	16,17
1234	33
1235	9
1236	9
1237	9
1238	9
1239	25
1240	9
1241	9
1242	18
1243	9
1244	9
1245	9,33,19
1246	5
4418	12,18,19
1247	9
1248	9,16
1249	9,5,16
1250	19
1251	9
1252	9
1253	9,16,17
1254	9,33
3630	5,19
1255	9,5
1256	9,19
1257	9
1258	25
1259	25
1260	9
1261	9
3631	9
1262	9,19
3632	9,7
1263	9,16
1264	9,19
1265	25,10
1266	12,18
1267	9
1268	9
1269	19
1270	9
1271	25,10
1272	25,10
1273	32
1274	5
1275	3,5
1276	9
3633	9
1277	25
3634	5
1278	9,16
1279	9,7
1280	25
1281	9,7
1282	12,18
1283	25
1284	9
1285	25,10
1286	25
3635	25
1287	16,17
1288	25
1289	25
1290	12,18
1291	16,17
3636	10
1292	9,19
1293	19
1294	9,17,7
1295	9
1296	32
1297	9
1298	25
1299	9
1300	25
1301	19
1302	25
1303	5
1304	9,12,18,16
1305	9,7
1306	9
1307	25
1308	10
1309	10
1310	9,16,17
1311	25
1312	9,12,7
1313	25
1314	20
1315	25
1316	9,16,17
1317	9,33
1318	9
1319	29
1320	9
1321	9
1322	9,17
1323	19
1324	9,16
3637	25
4619	9,16
1325	9
1326	25
1327	9
1328	9,16
1329	12,18
1330	19
1331	25,7
1332	12,18
1333	32
1334	9,7
1335	9,12,18,17
1336	9
1337	25
1338	9
1339	9
1340	9
3638	5
3639	25
1341	5
1342	18,19
3640	9
1343	9
1344	12,18,19
3641	12,18
3642	5
3643	9,7,32
3644	9,7
1345	9,19,7
3645	12,18,19
1346	25
3646	19
1347	19
3647	25
1348	9
1349	18
1350	9,7
1351	5
3648	9
1352	9
1353	9,16,7
1354	9,16
1355	25
1356	12,18
1357	9,16
1358	25,10
3649	19
1359	9
1360	9
1361	9
1362	9
1363	12,18,19
1364	12,18
1365	9,19
1366	33
1367	9
3650	9,7
3651	25
3652	9
4419	16,17
1368	9,19,7
3653	9
1369	33
1370	19
1371	12,18
1372	12,18
1373	12,18
1374	9,19,7
1375	19
1376	9,7
1377	16,17
3654	9,16,17
1378	9
1379	9
1380	9
1381	9
1382	9,7
1383	19
1384	19
1385	9
1386	9
1387	5
1388	25
1389	12,18,19
1390	9
1391	9,7
1392	3
1393	25
1394	25
1395	9,19
1396	19
1397	9,33
1398	19
1399	9
1400	9
3655	33
1401	19
1402	9,16
3656	12
1403	16,17
1404	9
1405	9
1406	25
1407	9,19
1408	9
1409	12,18
1410	12,18
1411	9,16,17
1412	25
1413	9
3657	25
1414	25
1415	33,19
1416	9
1417	19
3658	9
1418	9
1419	20
1420	9,5,7
1421	9,33
3659	20
3660	25
1422	9
1423	3
1424	9
3661	18,19
1425	9
1426	9
1427	25
1428	9
1429	9
1430	9
1431	9
1432	12,18
1433	12,18,19
1434	9
1435	12,18
1436	9
1437	9,16,17
1438	5
1439	9
1440	9,19
1441	19
1442	9,19
1443	25
1444	9,19,7
1445	9
1446	5
1447	19
4420	25
1448	10
4421	12,18
1449	9
1450	9
3662	25
1451	9
1452	9,16
1453	9,33
3663	9
1454	9,19,7
1455	12,18
1456	25
1457	9
1458	9
1459	9,19,17,7
1460	12,18
3664	19
1461	25
1462	19
1463	9
1464	9
1465	9,16,17
1466	9,16
1467	25,19,7
1468	33
1469	12,18
3665	25
1470	19
1471	25
1472	9
1473	9,16
1474	9,16
1475	9,17
1476	9,12,7
4684	16,17
1477	19
1478	7
1479	9,25,7
1480	9
1481	9,33
1482	19
1483	9
1484	25,7
1485	9
1486	9
1487	33
1488	9
1489	7,35
1490	25
3666	9
1491	9
1492	9,16
1493	12,18
1494	9
1495	9
1496	19
1497	9
1498	5
1499	5
1500	9
1501	19
1502	5
1503	25
3667	18,19
1504	16,17
3668	9,17
1505	9
3669	20
1506	9
1507	9,17,7
1508	9,19
1509	25
1510	9
1511	9
3670	9,7
3671	0,7,32
1512	9,7
1513	9
1514	25
1515	9,19
1516	9
1517	9,16,17
1518	12,18,19
3672	9,19,7
1519	19
1520	9,19
1521	25,7
1522	9,16
1523	9
1524	19
1525	9,19
3673	19
1526	9
1527	20
3674	9
1528	9
1529	9
1530	19
1531	9,25,10
1532	12,18
1533	27
1534	23
1535	12,18
3675	16,17
1536	25
1537	9
3676	9
1538	19
3677	5
1539	9
1540	25
1541	19
1542	9
3678	19
1543	12
1544	9,33
1545	25
1546	25
1547	25
1548	9
1549	9
1550	19
3679	9
1551	9,17
3680	9
1552	5
1553	9
1554	10
1555	19
1556	18
3681	9
3682	9
1557	9
1558	9,12,18,16
1559	9,16,17
1560	9
1561	25
1562	25
1563	9
1564	25,19,10,7
1565	9
4422	25
1566	19
1567	25
1568	19
1569	12,18
1570	9,19,7
1571	19
4423	19
1572	9
3683	9,7
1573	9
1574	9
1575	25,10
1576	19
1577	9
1578	33
1579	9
1580	16,17
3684	25,10
1581	9
1582	12,18,19
3685	19
3686	9,7
1583	9
1584	10
1585	5,17
1586	9
1587	12,18
1588	5
3687	9,7
3688	25
1589	10
1590	9
1591	9
1592	9
3689	16,17
3690	19
1593	19
1594	9,7
1595	25,10
1596	9,16
1597	25
1598	12,18
1599	9
1600	9
3691	9,19
1601	12,18
1602	25
3692	32
3693	9
1603	33
1604	9,16
1605	9
1606	9
1607	9,12,7
1608	9,16,17
3694	16,17
1609	12,18
1610	25
3695	19
1611	10
3696	33
1612	9
1613	9
1614	9
1615	25
1616	25
1617	9
1618	25
1619	12,18
1620	12,18
1621	25
1622	16
1623	12,18
1624	25
1625	19
1626	9
1627	19
1628	19
1629	9,16,17
1630	35,34
3697	9
1631	9,25
1632	20
1633	12,18
1634	25
1635	9
1636	5
1637	9
1638	12,18
1639	5
1640	3
1641	9,19
1642	19
1643	25,10
1644	19
1645	9
1646	25
1647	9,16
1648	12
3698	12,18
1649	9,16
1650	25,10
1651	9,19,17
3699	9,10,17
3700	9,5,17,7
3701	9
1652	33,19
3702	19
1653	19
3703	9
1654	25
1655	9,16
1656	9
3704	9,7
1657	25,7
1658	9
1659	9,16,17,7
1660	12,18
1661	9
1662	19
1663	10
1664	19
4424	9,16,17
1665	9,16
3705	25
1666	19
1667	33
1668	9,19
1669	19
1670	9
1671	10
1672	19
1673	9
1674	27
1675	9
1676	25
1677	19
1678	9,19,16
1679	9
1680	9
1681	9,19
1682	9
1683	9,33
1684	9,7
1685	9
1686	9
1687	19
1688	9
3706	0,4
1689	19
1690	7
1691	19
1692	32
1693	25
1694	16,17
1695	9,16,17
1696	9
1697	12,18
1698	9,25,19,7
1699	9
3707	9
1700	18
1701	9,7
1702	9
1703	9
1704	9
3708	19
1705	12,18
1706	5
3709	19
1707	25
1708	12,18,19
1709	5
1710	19
1711	16,17
3710	12,18,19
1712	10
1713	25
1714	9
1715	5
1716	9
1717	9,19
1718	9,16,17
1719	9,19
1720	12,18
1721	9
1722	12,18,19
1723	7
1724	9
1725	9,19
1726	9,7
1727	9
1728	12,18,19
1729	9,18
1730	9,33
1731	25
1732	9,19
1733	19
1734	9
1735	9
1736	5
1737	25
1738	9
1739	9
1740	25
1741	33
1742	9
3711	9,19,7
1743	9,17
1744	9,7
1745	9
3712	9
1746	9
1747	9,19,7
1748	9
1749	25
1750	9
3713	9
3714	9
1751	9,16
1752	9
1753	9,7
1754	9
1755	19
1756	19
1757	19
1758	9
1759	9
1760	9
1761	9
1762	9
1763	16
1764	9,19
1765	19
1766	9
3715	25
1767	9,33,19
1768	5
1769	25
1770	9,7
3716	9,25,19
1771	12,18
1772	3,5
3717	9,16,7
1773	33
1774	9
1775	9,19,7
1776	25
1777	3
1778	19
1779	9,7
1780	19
3718	9,25,10
3719	12,18
1781	19
1782	9,25,10,7
4425	25
1783	9
3720	9,33
1784	9
1785	3
1786	19
1787	9
1788	25
3721	25
1789	9
1790	9
1791	9
1792	9
1793	9,33
1794	9
1795	9,16,7
1796	9,16
1797	25
1798	9
1799	9
1800	9
1801	9
1802	5
1803	18,19
1804	25
1805	19
1806	9
3722	9
1807	12,18,19
1808	9
3723	25
1809	18,19
1810	25
1811	9
1812	12,18
1813	12,18
1814	9,16
1815	25
1816	9
1817	10
1818	25
3724	9,5,7
1819	19
1820	9,25,10
1821	19
1822	9,16
1823	25,10
1824	9
1825	16,17
1826	9
1827	10
1828	9
1829	12,18
1830	5
3725	18
1831	33
1832	9
1833	9
1834	9,33
1835	9,19
3726	9,16,7
1836	5
3727	19
3728	12,18,19
1837	9
1838	9
3729	5
1839	9
1840	9
1841	9
3730	12,18
1842	9
1843	9,16,17
1844	9,7
1845	9,7
3731	12,18
1846	9
4620	9
1847	19
3732	9,19
1848	9,19
1849	25
3733	9
3734	9
1850	25
1851	33
1852	19
1853	12,18
1854	9
3735	19
1855	9,33
1856	9
3736	9,7
1857	19
1858	25
1859	9
1860	9
1861	19
1862	19
1863	14
3737	9,7
3738	19
1864	9
1865	25
3739	19,7
1866	25
1867	9,25
1868	19
1869	9
1870	19
1871	19
1872	25
1873	12,18,19
4426	9
1874	9
1875	12,18
1876	5,16
1877	9
1878	9
3740	9
1879	32
3741	10
1880	33
1881	9
3742	9
1882	19
1883	9
1884	9
1885	27
1886	19
3743	25
1887	33
3744	9,7
1888	12,18
1889	25,10
1890	9
1891	12,18
1892	9,19,7
4621	25
3745	19
1893	9,7
1894	25
1895	9,7
3746	19
1896	9,19
1897	9,19,7
1898	9
1899	5
1900	9,19
1901	25,10,7
1902	9
1903	12,18
3747	25
1904	9
3748	9,33
1905	9
1906	9
1907	9
1908	9
1909	9
1910	9
1911	9
1912	9
3749	19
1913	25
1914	12,18
3750	9
1915	12,18
1916	9
1917	9
1918	9,16
1919	9,16
1920	9
1921	9
1922	9,18
1923	25
3751	5
1924	9
1925	5
1926	16,17
3752	33
1927	12,18
1928	9,17
3753	19
1929	12,18
1930	9
1931	5
1932	9
1933	33
1934	19
1935	25
1936	25
3754	9,12
1937	9
1938	25
1939	12,18
1940	19
3755	9,19,7
3756	12
3757	9,25
1941	19
1942	25
3758	27
1943	12,18
1944	9,19,16
1945	9,19
1946	9
3759	12
1947	25
1948	9
1949	25
1950	9,16
1951	33
1952	12,18
1953	9
1954	9
3760	9,33
1955	19
3761	25
1956	9
1957	9
1958	9
1959	25
4622	9
3762	16,17
3763	33
3764	9
1960	25,10
1961	9,19
1962	9,19,17
4741	19
1963	19
1964	3
1965	9,19
1966	25
1967	9
1968	9
1969	9,17,7
1970	19
1971	19
1972	19
3765	19
1973	9
3766	9
1974	9,33
3767	19
3768	9,7
1975	3
1976	9,19,7
1977	25,10
1978	25
3769	9,7
1979	19
3770	16,17
1980	9
1981	12
1982	18
1983	12
1984	19
3771	9,17
4685	12,18
3772	7
1985	9,7
1986	25
1987	25
3773	9,17
1988	5
1989	12,18,19
3774	25,7
1990	9
1991	19
1992	9
4623	25
3775	12,18
1993	9
1994	19
1995	16,17
4427	25,10
1996	9,7
1997	9
1998	9
1999	9
2000	10
3776	19
2001	9,16,7
3777	9
2002	25
2003	19
4624	25
2004	9,16
3778	19
2005	27
2006	19
3779	9,7
3780	9,7
2007	9
2008	12,18
2009	25
2010	9
2011	25
2012	9
2013	12,18
2014	9
2015	9,7
2016	9
2017	9
2018	9,16,17
2019	9
2020	9
2021	25
3781	9
2022	9
3782	10
2023	25
2024	9,19
2025	12,18
3783	9
2026	25
2027	9,7
2028	12,18
4428	25
2029	25
2030	9,19,16,17
2031	9
4429	9
2032	12,18
2033	10
2034	9
2035	0,7
4625	25
2036	9
2037	33
2038	12,18
2039	25
2040	25
3784	25
2041	12
2042	25
2043	9,19,7
2044	25
4430	19
2045	16,17
2046	16
2047	12,18
2048	9
2049	16
3785	10
2050	5
2051	5
2052	9
3786	25
2053	5,19
2054	9,19
2055	9
4431	16,17
2056	9,33
2057	9
2058	9,33
3787	9
2059	10
3788	25
2060	25
2061	9
2062	9,33,19
2063	12,18
3789	12,18,19
2064	9,19
2065	9,7
2066	25
4686	12,18
2067	9
2068	9
2069	12,18
2070	9
2071	9
2072	25,10
2073	25
2074	5
3790	9
3791	5
2075	19
2076	25
2077	25
2078	9,19
3792	25
2079	9
2080	9
2081	35
2082	12,18
2083	12,18
2084	12,18
2085	9
2086	9
2087	9
2088	19
2089	9
2090	9
2091	12,18,19
2092	16,17
4687	19
2093	9
2094	12,18
2095	9
3793	25
2096	19
2097	9
2098	9
2099	12,18
2100	9,17,7
2101	9
2102	0,7
2103	10
2104	25,10
2105	9
2106	9,7
2107	9
3794	25
3795	12,18
2108	12,18
4432	9,19
2109	25,16
2110	25,10
3796	25
2111	9,16,17
2112	9
2113	16
2114	9
2115	19
2116	19
3797	19
2117	25
4433	19
2118	25
2119	16,17
2120	33,19
2121	9
2122	9
2123	9,7
3798	9,19,7
2124	9,19
2125	9,5
3799	25
4434	12,18
4435	5
2126	9
2127	25
2128	12,18
2129	25
2130	25
3800	19
2131	19
2132	12,18
2133	9
2134	9
4436	9
2135	9
2136	12,18
2137	25
2138	9,16
2139	25
2140	9,19
2141	12,18
2142	19
3801	25
2143	9
2144	16
2145	25
2146	33
2147	16
2148	19
2149	9
3802	9,16
2150	19,7
3803	9
2151	25
2152	16,17
2153	9
3804	9,19
2154	25
3805	5
3806	25
3807	19
2155	5
3808	9,7
2156	12,18
2157	33
2158	9
2159	9,7
2160	9,16,17
2161	9
3809	18
2162	12,18
2163	5
2164	33
2165	25
3810	9
2166	19
2167	33
2168	19
2169	5
2170	33
2171	12,18
2172	12,18
2173	12,18
2174	25
2175	9
2176	9,12
2177	12,18
2178	25,10
3811	9
2179	9
2180	25
2181	19,16
2182	9,33
2183	10
2184	12,18
3812	9,16,17
3813	9,16
2185	9,16
2186	25,10
2187	9
2188	9
2189	19
3814	9,7
4437	19,16
3815	9
2190	25
2191	5
2192	9
2193	25,10
2194	9
2195	25
2196	9
3816	19
2197	9
3817	19
2198	9,19
2199	19
3818	9
4438	9
4439	19
3819	5
2200	12,18
2201	12,18
2202	9
3820	9,16
2203	9
2204	19
2205	9
2206	9
2207	9,16
2208	9,7
2209	9
2210	9
2211	9
2212	5
2213	9,33
2214	12,18
3821	9
2215	19
2216	9,19,7
3822	19
3823	19
2217	25
2218	9
2219	9
3824	9,7
2220	25
2221	9,17
2222	9
2223	25
3825	19
2224	9
2225	9
2226	9
3826	9
2227	9,5
2228	5
2229	12,18,19
2230	9
2231	12,18
3827	9,19
2232	25,10
2233	9
2234	16,17
2235	9,19
2236	9,19
4440	25
4626	9,16,17,7
2237	3
2238	19
4441	9
2239	25,7
4442	9,5
3828	9
2240	9
2241	25,10
2242	25,7
2243	9,7
2244	9
2245	19
3829	16,17
3830	25
2246	25
2247	18
2248	9
2249	12,16
4443	9,7
4444	9
4726	18
2250	9
2251	9,7
2252	9
4445	19
2253	9,19
2254	25
3831	12
3832	9
3833	9
3834	19
2255	9
3835	25
2256	28
2257	9,19
2258	9
3836	9
2259	9,16
4446	9
2260	9
2261	9
2262	9
2263	9
2264	9
2265	9
2266	25,10,7
2267	16
2268	9,19
2269	19
3837	9
2270	9
3838	9,16
2271	9,19
2272	9
3839	25
2273	9
2274	12,18
3840	9
2275	17
2276	25
2277	9
4447	19
3841	19
2278	33
2279	10
4448	12,18,19
2280	25,10
2281	12,19
2282	9
2283	9
2284	9
3842	9
3843	33
2285	9
3844	9,12,18
2286	9,16,17
2287	9,16
2288	9,19,7
2289	25,10
2290	33
2291	9
2292	16,17
2293	9,16
2294	12
2295	9,7
2296	19
4449	9
3845	16
4450	25
2297	10
2298	33
4627	12,18
2299	9
2300	10
2301	9
2302	33
2303	18
2304	9,16
3846	17
2305	25
4727	9
2306	12
2307	33
4451	18,19
2308	9,16
2309	9
2310	12,18
2311	25
3847	25
2312	9
2313	19
2314	9,7
2315	12,18
2316	23
2317	19
2318	19
2319	9
2320	5,19
3848	12,18
2321	9,7
2322	9
2323	16,17
2324	9,16
3849	12,18
3850	9
2325	16
2326	9
3851	19
2327	9
4452	9
2328	9,19
3852	25
3853	19
2329	9,7
2330	9,7
4453	9
2331	9,7
2332	12,18
2333	9
2334	16,17
2335	12,18
2336	19
2337	9
2338	18
2339	12,18
4628	9,19
3854	5
2340	12,18
3855	25
4454	5
2341	25
2342	25
2343	25
3856	19
2344	12
3857	9
2345	9
2346	5
3858	25
2347	25
2348	9
2349	19
2350	9
2351	9
2352	9
2353	9
3859	25
3860	25
3861	19
3862	19
3863	9
2354	9,7
2355	33
2356	9
2357	9
2358	10
4742	12,18
2359	25
3864	9
2360	16
2361	9
2362	10
2363	9,33
2364	10
2365	19
2366	9
2367	25,7
4455	33
2368	19
3865	9
2369	9,16
2370	9
3866	9
2371	9,7
2372	7
3867	9,7
3868	9
2373	9,7
2374	9
2375	9
2376	9
2377	19
2378	12,18,19
2379	9
2380	5
2381	9
2382	12,18
2383	19
2384	9,19
2385	12,18
3869	9
2386	9
2387	9
2388	25
2389	9,16
3870	9,17,7
2390	9
2391	9
2392	9,7
2393	25,7
2394	9
2395	9,19,7
3871	9,19,7
3872	16
2396	9,33
3873	25
2397	25
2398	9
2399	25
2400	25
3874	9,7
2401	9
2402	9
2403	9
2404	19
2405	18
2406	19
2407	9
2408	25
2409	7
3875	9
3876	9,17
2410	9
2411	9,16,7
2412	9
3877	16,17
2413	12,18
3878	9,5,25,16
2414	19,16,17
2415	9
3879	9,7
2416	19
3880	9,7
2417	25
2418	9,25
3881	9
2419	14
3882	19
3883	19
4629	5
2420	25
2421	25
2422	9,25
4456	19,7
2423	19
2424	25
3884	9,33
2425	25
3885	9,16,7
2426	9
2427	9
3886	7
2428	9
4457	12,18,19
2429	9
2430	7
2431	7
2432	19
2433	9
2434	9,19,7
3887	5
4743	12,18
2435	19
2436	33,19
2437	9
3888	9,7
2438	5
2439	19
2440	18
2441	9
2442	9
3889	9,19
2443	9,17
3890	25,10
2444	19
4458	19
3891	16,17
2445	9
2446	25
2447	18,19
2448	9,17
3892	7
2449	9,12,19,17
3893	9,16
3894	9,7
2450	9
2451	25
2452	19,7
2453	9
4688	9,7
2454	12,18
2455	9,5,19
2456	9,16
2457	33
3895	5
2458	5
2459	19
2460	9
4630	19
2461	5
2462	25
4728	5
2463	16,17
2464	9,25
2465	12,19
2466	25
2467	19
3896	9
3897	25
2468	9
3898	9,19
4459	25
2469	12,18
2470	9
3899	9
2471	9
2472	9
2473	9
2474	9,33
3900	9
2475	9
2476	9,19
3901	19
2477	18,19
2478	9
2479	16,17
2480	10
2481	19
2482	18,19
2483	9
2484	5
2485	25
3902	25
2486	9
2487	19
2488	12,18
2489	25,10
2490	9
2491	9
2492	9
2493	9,33
2494	19
2495	9,33
2496	9,16,17
2497	9
2498	9
3903	9,7
2499	9,7
2500	12
2501	9
2502	5
2503	9
2504	33
2505	9
2506	9,19,7
2507	19
2508	25
2509	9
3904	25
3905	19
2510	5
2511	25
2512	25
2513	5
2514	9
3906	25
2515	9
4460	19
2516	5
2517	5
2518	9
2519	9
2520	19
2521	12,18
2522	9,19
2523	9
4729	16,17
2524	9,16
3907	7
3908	19
2525	9
2526	9,33
4461	10
2527	9
2528	19
2529	9
2530	9
2531	12,18
4631	19
3909	25
3910	5
2532	12,18
3911	25,10
2533	25
2534	19
2535	5
2536	9
2537	18,19
2538	25
2539	18
4462	9
2540	9,19
2541	9,7
3912	25
2542	25
4689	12,18
2543	10
2544	9
2545	9
2546	9
4463	25
3913	19
2547	9
2548	25
2549	25
2550	12,18,19
2551	16,17
2552	25
2553	12,18
2554	25
2555	9
2556	9,25
3914	5
3915	9
2557	9,25,16
2558	9,7
2559	19
3916	9
2560	9
3917	9
4464	18
2561	19
3918	35
3919	25
2562	9
2563	25
4632	25
3920	9,7
4465	16,17
2564	9,7
2565	19
3921	16,17
2566	25
3922	25
2567	27
2568	9
3923	9,16,17
2569	5,19
2570	9
2571	10
2572	9,12,18,7
4730	19
3924	5
4633	9,16
3925	9
2573	9
2574	19
2575	5
2576	33
2577	9,7
3926	18
2578	5
2579	18
3927	19
4690	25
2580	9
2581	25
3928	19
4691	16,17
2582	9
4762	19
2583	12,18
2584	9
2585	9,16
2586	9,5,7
3929	18,19
2587	25
3930	19,7
2588	25
2589	9
3931	5
3932	9
4771	9,5,7
2590	9
2591	9
3933	9
2592	9
2593	9,7
2594	9
2595	25,10
2596	9,7
4466	9
2597	9,19
3934	33
2598	9
2599	9
3935	9
2600	25
3936	25
2601	9
2602	9,16
2603	12
2604	19,7
2605	12,18
2606	16
2607	9
2608	9,19
2609	25,10
2610	16,17
2611	9
2612	19
2613	9,5,7
2614	9
2615	12,18
2616	16,17
3937	12,18
4634	33
2617	12,18
3938	9,7
2618	19
2619	25,7
2620	9
2621	9
2622	19
2623	9
3939	19,7
2624	9
2625	19
2626	25
2627	9
2628	9,16
3940	9
2629	25
2630	9
3941	19
2631	25
4692	12,18
4467	9
2632	9
2633	9,19
3942	9
2634	9
2635	9
2636	9
2637	9
3943	33,19
2638	9,16
3944	9
2639	9,25
2640	9,19
3945	10
3946	25
4468	9
3947	33
4469	9
2641	10
2642	33
2643	25
2644	9
2645	12,18
2646	9
2647	9
3948	16,17
2648	9,16
2649	9
3949	9
4470	12,18
2650	9
4471	9
3950	5
2651	25
2652	17,7
2653	25
3951	9
2654	19
2655	12,18
2656	9
2657	9
2658	9
3952	9
4472	25
4473	25
3953	9
3954	9,3,17
2659	9
3955	25
3956	9
2660	25
2661	9,19
2662	9
2663	25
2664	9
2665	9
4474	9
2666	19
4475	12,18
2667	9
2668	9
2669	25
3957	19
2670	18
4635	9
2671	33
4476	18,19
3958	19
2672	19
2673	9
2674	5
2675	16,17
3959	16,17
2676	12,18
2677	16,17
2678	25
2679	9,19
2680	19
2681	33
2682	9
4477	9
2683	25
2684	19
3960	9
2685	9,16
3961	33,19
2686	9,7
2687	19,16
4478	18
3962	9
2688	25
2689	10
2690	19
2691	9
2692	19
2693	19
2694	9
2695	9
2696	9,25
2697	9,7
2698	9,7
2699	9
2700	18
2701	9
2702	9
3963	25
4636	18
2703	9
4479	25
2704	25
2705	25
2706	9
2707	18
2708	16,17
2709	12,18
2710	25,16,7
2711	9
3964	9,7
2712	16,17
4480	9
2713	18
2714	12,18
2715	9
2716	19
3965	25
3966	16
3967	19
3968	7
2717	25
2718	9
2719	25
2720	25
4693	19
2721	25
2722	10
3969	18
4637	16,17
2723	25
3970	16
3971	19
3972	12,18
4481	25
4482	19
2724	19
2725	9
2726	25
2727	18
3973	17
3974	9
2728	9,16
3975	18
2729	9
3976	19
3977	25
2730	25
2731	9
3978	19
2732	19
2733	25
2734	16,17
2735	9
2736	9,19
4694	9
4483	25
3979	16
3980	12,18,19
2737	18
2738	9
2739	33
4484	25
2740	9,16
2741	9
2742	18
4695	16
2743	9
4485	25
2744	19
2745	19,7
2746	9,16
2747	9
2748	19
2749	16,17
3981	18
2750	25
3982	16
2751	10
2752	16
3983	12,18
2753	9
2754	25,10
2755	25
2756	18
3984	25
3985	9,5,7
3986	19
2757	7
2758	9
4486	19
4638	9
4487	9
3987	9
2759	9
2760	25
4744	9
3988	25
3989	27
2761	9
3990	9,17
4696	12,18
2762	9,7
2763	12
4488	9,5
4639	9,16,17
2764	5
3991	9
3992	9,7
3993	12,19,7
3994	9,19
2765	25,10
3995	25
2766	9,33
2767	19
2768	25
4697	10
3996	9
2769	9
4489	18
3997	9,33
2770	25
2771	16,17
2772	9
2773	9,7
3998	9
2774	9
2775	18
2776	9
3999	9,17,7
4490	16
4000	9,33
2777	9
2778	9,18
4001	19
2779	10
2780	9
2781	25
4002	12,18
2782	9
4491	9
4492	19,17,7
4640	19
2783	9
2784	19,7
4003	9
2785	9,19
2786	9
2787	12,18
4004	9
2788	12,18
2789	16,17
2790	18,19
2791	25
4005	9
4006	16
4641	19
2792	19
2793	25,10
4007	9
4493	5
2794	25
4494	19
2795	16
2796	9
2797	9
4495	19
4008	9
4009	19
2798	25
4010	25
2799	33
4011	19
4012	9
4013	9,19
4014	9
2800	9,7
4015	9,19,7
2801	9,18,7
4016	9
2802	19
2803	9
2804	33
4017	9
4018	19
2805	12,16
4019	9
2806	16
2807	9
4020	9
2808	9,7
2809	9,16
4496	25
2810	9
4021	5,17,7
2811	5,27
4022	25,19
4023	9,7
2812	9
2813	9
4024	25,10
4025	9,7
4026	19
2814	25,10
4027	9
2815	9,19
4028	9
4497	19
4029	9,7
4030	9
4031	9
4032	25
2816	18
2817	9
2818	25
2819	9
4498	9,16,17
4499	9
4033	25
4034	9,19,7
2820	9
4035	9
2821	9
2822	9
2823	9,19
4500	9
2824	19
4036	9
2825	25,10
4037	19
2826	9
2827	25
2828	25
4038	5
4039	9,7
2829	25
2830	19
4040	5
4501	5
2831	5,19
2832	9
4041	9,7
2833	9
2834	19
2835	5,7
2836	19
2837	19
2838	19
2839	9,17
4042	18
4043	19
2840	9
2841	9,19,17
4044	19
2842	16,17
4045	25
4046	25
4502	25
4047	12,18
2843	9
4503	9
2844	9
2845	9
2846	9
2847	9
2848	9
2849	9
2850	9
2851	9,25
4642	9
2852	25
2853	9
2854	9,33
2855	9,19
2856	9
2857	19
4048	18
4504	9
2858	18
2859	33
4049	19
4050	19
2860	9,7
4051	9
4505	5
2861	9
4052	9,19,7
2862	16,17
2863	12,18
2864	9
4053	9
4054	9
2865	9
2866	9
2867	25
2868	9,7
2869	16,17
2870	9
2871	19
2872	9
4055	9,19
4056	12,18
2873	9
2874	19
4506	9
4057	19
4507	9,33
4058	19
2875	9
2876	19
4059	25
2877	9
4698	12,18
4060	18,19
2878	9
4508	25
4509	9
2879	9
4643	16,17
4061	25
2880	25
2881	9
2882	9,16,17
4062	12,18
4731	33
4063	9
2883	18,19
4064	19
4065	25
4066	18
2884	9
4067	25
2885	19
4068	9,16
4069	19
2886	9
2887	9
4070	9
4071	25
2888	9
4072	12,18
2889	9
2890	18
2891	9
2892	25
2893	9
4699	16,17
4073	33
4644	19
2894	33
2895	19
2896	12,18
4510	10
2897	33
4074	25
2898	9,33
2899	9
4075	16,17
2900	12
2901	10
2902	9
2903	12,18
2904	12,18,19
2905	9
4511	10
2906	25
4076	25
2907	9
2908	9
4077	25
4078	9
4079	19
2909	9
2910	19
4080	25
2911	9
2912	9
4081	9
2913	9
2914	9
2915	9,12,17
2916	12,18
2917	10
2918	9
2919	25
4082	25
4083	16
2920	9
2921	10
2922	33
4645	25
4084	5
2923	25
2924	9,7
4085	9,16
2925	9
2926	9,33
2927	18
4086	9,17
2928	19
2929	9
2930	9
2931	5
2932	25
4646	9,33
2933	9
4087	9
4088	19
4089	9,7
2934	9
2935	9,7
4090	19
2936	9,25
4091	25
4512	9
2937	19
2938	9,16
4092	9,7
2939	9
2940	9
2941	25
2942	19
2943	19
2944	9
4093	18
2945	9
2946	9
4513	9
2947	33
4514	19
2948	9,33
2949	16,17
2950	9
2951	19
4515	25
4094	9
2952	19
4095	5
4096	19
2953	9
2954	9,7
4516	9
2955	9
2956	25
2957	16,17
2958	25
4517	9
2959	9
2960	19
2961	9
4518	9
4097	9
2962	5
2963	5
4098	12,18,19
4099	9,7
4100	9
2964	25,10
2965	9,17
2966	9
2967	25
2968	9,33
2969	9,19
2970	9
2971	9
2972	25
4101	9
4745	9,17
2973	25
2974	9
2975	9
2976	9
2977	25
4102	9
2978	12
2979	9
2980	25
2981	25
4103	9,33
2982	25
2983	5
4774	25,10
2984	19
4104	9
2985	16
2986	25
4105	19
2987	19
4106	7
4107	4
4108	19
2988	25
4109	9
4110	19
4519	19
4111	35
2989	9
2990	25
4700	5
4520	9,16
4112	19
2991	9,16
2992	25
4113	33
2993	16
2994	9
4114	25
2995	25
2996	9
4115	11
4701	29
2997	29
2998	9
2999	19
3000	9
3001	9,19
3002	27
4702	15
4116	9
4117	9
4118	13,39
3003	9
3004	9
3005	9
4521	19
4119	12,18
3006	10
3007	16
4120	16,17
4121	25
3008	12,18
3009	16
3010	9
4122	9
3011	12,18
3012	9
4522	19
3013	9
3014	9,7
4123	25
4124	9
3015	9
4125	25
4126	25
3016	25
3017	12,18
4127	12
3018	25
4523	9
3019	5
3020	18,19
4647	19
4128	9,7
4648	9,19,7
3021	9,7
3022	25
3023	12,18
4129	19
4130	9
4524	25
3024	25
3025	9
4131	9,7
4525	9
4526	9
3026	9
4132	33
3027	9
4746	16,17
3028	10
4772	16
4649	9
3029	9
3030	9,7
4650	9,7
3031	25
3032	9
4133	9
3033	9
3034	5
3035	33
3036	9
3037	9,19,7
4527	16,17
4528	9
3038	9,7
4703	5
4765	16,17
3039	25
3040	12
4747	18
3041	18
4773	19,17
4704	10
3042	9
3043	9
3044	19
3045	9
3046	9
4134	25
4529	18
3047	9,16
3048	25
4135	9
4136	19
4530	19
3049	9
3050	25
4768	9
3051	19
4137	25
3052	12
3053	9
4138	5
4139	9
3054	9,17
3055	19
3056	33
3057	25
3058	10
4140	19
3059	33
4141	3
4531	9
4142	9,7
3060	19
3061	23
3062	20
4143	9
4144	9
4145	25
3063	18
3064	19
3065	9
4146	9,17
3066	25
4147	9
4148	9,17,7
3067	25
3068	9
3069	25
3070	9
3071	25
4149	9
4532	19
3072	19
4533	18
3073	9
4150	9
4151	9
4748	16
3074	25
3075	9
3076	18
3077	9
3078	9,25
4152	25
3079	16
3080	25
3081	19
3082	9
4153	9,7
3083	25
4154	25
4534	9
4155	9
4156	9
4157	25
3084	9
4705	16,17
3085	25
4158	9,12
3086	9,33
4159	33
4160	9,7
4161	9
4162	9
3087	9
3088	12,18
3089	25
4651	9
4163	9
4535	12
4164	25,10
3090	25
3091	9
4165	9
4706	9
4652	25
4166	9,7
4653	9,7
4167	25
3092	9
3093	9,25
3094	9
3095	9
4168	25
4763	18
3096	9,19,7
4654	9
4169	7
4170	9,5,7
4171	12,19
4536	23
3097	25
4172	9
3098	9
4173	9
4174	19
3099	33
4175	5
3100	25
4176	9
4776	9,19
3101	25
3102	16
3103	25
3104	9,19
3105	19
4177	9
4732	12,18
3106	25
3107	33
3108	9
3109	9
4537	18
4538	19
3110	9
4178	9
3111	25
3112	5
4655	12,18
4179	9
4180	5
4539	9,33,19
4181	12
4540	12,18
3113	25
3114	25
4182	16,17
4183	33,19
3115	9
3116	9
3117	16
4656	25
3118	9,17
4541	27
3119	16
3120	19
4184	9
4185	25
4186	9
3121	33,19
3122	18
4542	9
3123	9,5,19
3124	25
3125	9
3126	9
3127	10
3128	9
3129	9
3130	9
4187	9
4707	9
4188	25
4189	9
4733	10,7
3131	9
3132	25
3133	12,18
3134	25
4190	19
3135	9
4191	33
3136	9
4543	5
3137	9
3138	25
4192	9,7
3139	9
4657	9
3140	33
4193	9,7
3141	10
4194	9
4195	9
3142	9
3143	25
3144	19
3145	9
4544	16,17
4545	25
4546	10
4196	7
4197	19
4547	18
4198	9
4658	25
4548	9
3146	9
3147	25
3148	25
3149	9
3150	9
4199	33
3151	9
3152	33
3153	16
4549	9,17
3154	25,10
4749	16
3155	16
3156	9
3157	9,16
3158	9
3159	9
3160	9
4200	16,17
3161	25
4201	9
4202	9
4203	9,7
3162	5
4708	9
3163	33
3164	9,25
4659	9
3165	33
4204	9
4550	25
4750	27
4205	19
4551	9
3166	9
3167	18
3168	19
4660	19
4552	9,7
4206	9,25,7
4553	9,3
3169	9
4709	16,17
3170	19
4207	9
3171	9
3172	33
3173	16,17
3174	9
4554	19
4208	3,7
3175	9
3176	9
4209	19
3177	9
4661	25
3178	9
3179	9
3180	19
4210	19
4211	25
3181	18
3182	33
3183	9
3184	19
3185	19
3186	19
3187	7
3188	12,18,19
3189	9
3190	16
3191	25
4555	33
4556	9
4557	19
3192	18,19
4212	9,19
3193	12
3194	33
3195	16
3196	16
4213	25
4214	19
4215	19
3197	25,10
4662	25
3198	16
3199	9
3200	25
3201	25
4710	16,17
4216	19
3202	9
3203	19
3204	25
3205	25,10
3206	12,19
4217	25
3207	9
4218	25
3208	25
3209	33
4219	9
3210	9,16
3211	19
3212	18
3213	9
3214	25,7
3215	9
3216	25
3217	9
3218	9,25
4663	33,19
3219	9,16
3220	9
3221	9
3222	10
4220	9
3223	9
4221	5
3224	33
3225	25
3226	9,19
3227	19
3228	9,19
4711	9
3229	9,19
4222	9
4223	9,7
4224	9,7
4734	5
4225	19
4558	9
3230	9
3231	9
4226	9
4227	9
3232	9
4735	9,16
4228	5
3233	9
4712	9
4229	9,7
4559	7
4230	9,16
3234	9,25
4664	9
3235	19
4560	25
4231	17,7
4665	25
3236	9
3237	25
4232	9
4561	19
4233	9
4234	9,25
3238	5
3239	18
4766	18
3240	25
4562	9
3241	25
4563	16
3242	16,17
4235	19
4564	19
4565	9
4666	9
4566	9
4236	16,17
4237	9
3243	9
4238	19
3244	25
4239	25
4240	9
4241	9
3245	9
4667	25
4668	33
3246	9
4567	19
4242	9
3247	9
3248	9
4751	19
3249	9
3250	25
3251	9
3252	9
3253	25
3254	18
4568	19
3255	9
3256	19
3257	25
3258	9,7
4243	9,7
3259	9
4244	19
3260	19
4767	5,19
3261	9
4245	9
4713	19
3262	9
4246	19
4569	16,17
4247	19
3263	25
3264	9
3265	9
4570	16
3266	10
3267	25
3268	19
3269	9
3270	12,19
4571	5
3271	10
4572	25
3272	9
4248	25
4769	9
4669	19
4249	12,19
3273	9
3274	3
3275	9
3276	9
4250	9
3277	25
3278	19
4670	19
4251	25
4252	9,16
3279	19
3280	33
4573	25
3281	9,19,7
3282	9
4253	19
3283	25
4254	7
3284	25,7
4255	9
4256	19
3285	9
4257	25
4258	9,7
3286	25,10
3287	25,10,7
4259	9
3288	9
4260	9,7
4261	9
4262	9,7
3289	9,19,17
3290	7
4263	19
3291	10
3292	16,7
3293	12,18
4264	9
3294	25
4265	9
4266	9
4267	9
3295	9,7
4574	25
3296	25
3297	9,33
3298	9
4268	18
3299	12,18
3300	12
3301	25,10
3302	10
3303	19
4269	9
4270	9,7
4575	25
3304	9
3305	9
3306	9,7
3307	9,12
4271	9,12
4736	18
3308	9
3309	9
3310	25
3311	9,16
3312	12
4272	9
3313	25
4576	9
3314	23
3315	33
3316	19
4273	25
3317	9,7
4274	10
4275	9,7
3318	9
4276	18
3319	9
4277	9,7
4714	9
4278	9
4577	25
3320	25
4578	19
3321	9,7
3322	9,7
4279	7
4280	19
4281	9,5
3323	9
4282	25
3324	10
4283	25,10
4284	9,7
3325	10
3326	9
4285	9
4579	9,7
4286	9,7
4287	25
3327	9
3328	25
3329	9
3330	9,19
3331	9,19
4580	19
4288	25
4289	9,7
4581	9
3332	25
3333	9
3334	9,7
4582	9
3335	9
3336	25
3337	9
4290	25,19
3338	9
3339	9
3340	18
3341	19
4291	9
4292	9,7,32
4583	9
3342	7
3343	9,7
4293	19
3344	18
3345	25
4294	19
3346	9,19,7
3347	9
4295	5
3348	25
3349	19
4584	25
4585	9
3350	19
3351	19
4775	19
4296	9
4586	9,7
4297	18
4298	9,25
4299	9,16
3352	25
4300	19
4301	25,7
4302	5
4770	25
3353	5
3354	9
4303	7
3355	9
3356	9
4304	19
3357	25
3358	25
4305	16
4752	25
3359	10
4587	9,19
4306	25
4715	19
4716	33
3360	25
3361	25
4588	9
4307	9
4308	9,7
3362	12,18
4309	9
4671	25
3363	10
3364	19
4310	19
3365	9,19
3366	33
4311	19
3367	18,19
3368	33
3369	9
4312	7
3370	25
3371	19
4717	28
3372	25
3373	9,19
3374	9
3375	16
3376	25
3377	9,33
3378	9,19
4313	9
3379	9
3380	25
4589	9
3381	16,17
3382	9
3383	9
3384	19
3385	19
3386	9
4314	19
4590	9
4315	10
4316	9,16,17
3387	5
3388	19
3389	9
4718	25
4719	5
4317	25
3390	25
4318	25,7
3391	16,17
3392	9
3393	25
3394	9
3395	25,10
3396	19,4
4672	25
3397	9
4319	19
4320	25,7
3398	9
3399	9
4591	12,18
4321	5
4322	18,19
4323	25
3400	9,33
3401	9
4592	9
4324	9
3402	9
3403	12,18
3404	9
3405	25
3406	19
4593	17
4325	19
3407	9
3408	9
3409	9
3410	16
4326	10
3411	33
4327	9
3412	25
4328	9
3413	25,10
3414	9
3415	9
4329	9,19
3416	19
3417	9
3418	9
3419	9,16
4594	9
4330	10
3420	9,33
4331	9
3421	9
3422	19
3423	10
3424	9
3425	12
3426	33
3427	25
3428	9
4332	19
4595	12,18,19
4596	25
4753	18
4673	33
3429	9
3430	19
4674	19
4720	9
4333	9
4737	9,16,17
4334	9
4754	18
3431	9
4335	9
3432	18
3433	5
3434	16
4597	25
3435	9
3436	5
4598	25
3437	16
4336	9,7
4337	25,10
4338	9,16
3438	9
4339	25
3439	9
3440	9,7
3441	16,17
4340	10
3442	9
3443	12,18
3444	9
3445	33
3446	18
3447	33
3448	9
4341	25
3449	33
3450	9
3451	16,17
3452	9
3453	16
3454	12,18
3455	25,10
3456	9
4342	12,18,19
4343	16
3457	25
3458	9
3459	16,17
3460	12,18
3461	9
4675	18
3462	9,17
3463	12,18,19
3464	16
4344	9
3465	12
3466	19
3467	12
4345	33
4721	9,16
4346	9
3468	9
3469	19
4755	16
4347	9
4756	10
3470	9
3471	25
3472	9
3473	25
3474	18
4738	18
4348	9
4349	9,7
4350	9
4351	9,7
3475	9,7
4352	33
4353	25
3476	25
3477	9
3478	25
4354	9,7
4355	9
4599	9
4676	25
4356	19
4357	9
4358	9,7
4359	10,7
4600	9
4722	9,7
3479	9
3480	19
4601	9
4360	25
4602	9
4361	9,19,17
3481	12
3482	25
3483	25
3484	25
4603	9
4362	19
3485	9
3486	9,17
4677	9
3487	9
4604	18
4363	5
3488	33
4723	5
4364	9,5
4365	9
3489	18,19
3490	9
4366	9
3491	18,19
3492	12,18
3493	5
4367	16,17
3494	9,19
4368	25
3495	19
4369	9
4370	9
3496	19
3497	25
3498	9
3499	9,19
4605	5
4371	25
3500	19
4372	19
4373	9,7
3501	9
3502	19
4374	18
3503	16,17
4375	19
3504	9
3505	9,7
3506	9
4376	12,18
3507	12,18
4377	19
4378	9,7
4379	9
4380	12,18
4381	9
3508	25
4382	9
4606	9
4383	12
4384	25
3509	5
3510	12
4385	5
3511	16
4607	10
4608	9
3512	9
3513	19
3514	9
3515	9,17
4609	10
3516	19
3517	9,16
4386	12,18
3518	9
4757	16
4387	25
3519	9
3520	25,10
3521	9
3522	9
4388	9
3523	19
4389	9,7
3524	9
3525	9
3526	9,25
4678	7
3527	19
4390	19
4391	25
3528	25
3529	9
4392	9
3530	9
3531	9
4393	9
4610	5
4394	5
3532	20
3533	7
3534	19
4395	14
4724	25
3535	9
4611	9,5,17
4739	18
3536	9
3537	9,16
3538	9
4396	19
4740	18,19
4397	16,17
3539	9
3540	9,3
4758	16,17
4725	12,18
3541	25,10
4679	9
3542	9
3543	10
4398	9
3544	10
4612	25
4399	18,19
4400	9
4680	19
4401	25
3545	19
3546	9
3547	9
3548	9
3549	9
4759	5
4402	9
4613	19
3550	19
3551	10
4764	12,18
3552	19
4403	5
4681	9
4404	12,18
3553	9
3554	9
4405	9,7
3555	9,7
4406	9,7
4614	9
3556	10
3557	16,17
4682	33
4407	25
3558	25
3559	19
3560	9
3561	25
3562	25
3563	19
3564	25
3565	25
4760	12,18
4615	9,16
3566	25
4761	9
3567	9,17
4408	10
3568	9
4616	25
4409	9,19
4410	9
3569	9,17
3570	9
3571	9
4411	19
3572	19
3573	3
4412	9
3574	5
4413	25,10,7
3575	9
4414	25
3576	12,18
3577	25
4617	9
3578	25
3579	25
3580	9,19
4415	9
4416	7
4417	9,16,20
4618	9,17,7
