0	0.0065007050360562976
1	0.000463738267875727
2	0.0005316904626134415
3	0.0008377027596680475
4	0.00039227481456759704
5	0.000463738267875727
6	0.00023324800026007972
7	0.00031614504055949645
8	0.00039227481456759704
9	0.000463738267875727
10	0.00031614504055949645
11	0.000463738267875727
12	0.00031614504055949645
13	0.00023324800026007972
14	0.000463738267875727
15	0.00039227481456759704
16	0.00039227481456759704
17	0.00039227481456759704
18	0.00023324800026007972
19	0.00039227481456759704
20	0.00023324800026007972
21	0.00039227481456759704
22	0.00031614504055949645
23	0.00039227481456759704
24	0.00013869009073472167
25	0.00023324800026007972
26	0.00039227481456759704
27	0.00023324800026007972
28	0.00023324800026007972
29	0.00031614504055949645
30	0.000463738267875727
31	0.00039227481456759704
32	0.00031614504055949645
33	0.00023324800026007972
34	0.00039227481456759704
35	0.00039227481456759704
36	0.00023324800026007972
37	0.00023324800026007972
38	0.00023324800026007972
39	0.00023324800026007972
40	0.00031614504055949645
41	0.00013869009073472167
42	0.00039227481456759704
43	0.00013869009073472167
44	0.00023324800026007972
45	0.00039227481456759704
46	0.000463738267875727
47	0.00039227481456759704
48	0.000463738267875727
49	0.00023324800026007972
50	0.00039227481456759704
51	0.00039227481456759704
52	0.001456603366290865
53	0.000463738267875727
54	0.000463738267875727
55	0.0005316904626134415
56	0.0006597249707284158
57	0.00031614504055949645
58	0.00031614504055949645
59	0.00023324800026007972
60	0.0011611334149696784
61	0.0005316904626134415
62	0.00023324800026007972
63	0.00031614504055949645
64	0.000463738267875727
65	0.000463738267875727
66	0.0008941932080724643
67	0.0005316904626134415
68	0.000463738267875727
69	0.0005968551730080996
70	0.00039227481456759704
71	0.0012119921616428903
72	0.00031614504055949645
73	0.00031614504055949645
74	0.0005316904626134415
75	0.000463738267875727
76	0.000463738267875727
77	0.00023324800026007972
78	0.000463738267875727
79	0.000463738267875727
80	0.00039227481456759704
81	0.00031614504055949645
82	0.000463738267875727
83	0.0005316904626134415
84	0.0006597249707284158
85	0.00031614504055949645
86	0.0008941932080724643
87	0.00039227481456759704
88	0.00039227481456759704
89	0.0005968551730080996
90	0.0005316904626134415
91	0.0005316904626134415
92	0.00031614504055949645
93	0.000463738267875727
94	0.0007206548509766267
95	0.001057094654202705
96	0.001003786750816293
97	0.000463738267875727
98	0.00039227481456759704
99	0.0009495174412775734
100	0.000463738267875727
101	0.00039227481456759704
102	0.00023324800026007972
103	0.00031614504055949645
104	0.00039227481456759704
105	0.00039227481456759704
106	0.000463738267875727
107	0.0008377027596680475
108	0.000463738267875727
109	0.0005968551730080996
110	0.001057094654202705
111	0.001057094654202705
112	0.0007206548509766267
113	0.00023324800026007972
114	0.0005968551730080996
115	0.000463738267875727
116	0.00031614504055949645
117	0.00023324800026007972
118	0.00031614504055949645
119	0.00023324800026007972
120	0.0007799116941453314
121	0.000463738267875727
122	0.00023324800026007972
123	0.00031614504055949645
124	0.00039227481456759704
125	0.00023324800026007972
126	0.00039227481456759704
127	0.0006597249707284158
128	0.00031614504055949645
129	0.0005316904626134415
130	0.00039227481456759704
131	0.0005316904626134415
132	0.00031614504055949645
133	0.00039227481456759704
134	0.00039227481456759704
135	0.00023324800026007972
136	0.00039227481456759704
137	0.00023324800026007972
138	0.00039227481456759704
139	0.00031614504055949645
140	0.00031614504055949645
141	0.00031614504055949645
142	0.00039227481456759704
143	0.00031614504055949645
144	0.0005316904626134415
145	0.00023324800026007972
146	0.00031614504055949645
147	0.000463738267875727
148	0.0006597249707284158
149	0.0005316904626134415
150	0.00039227481456759704
151	0.0005968551730080996
152	0.000463738267875727
153	0.00023324800026007972
154	0.00031614504055949645
155	0.0005968551730080996
156	0.00039227481456759704
157	0.000463738267875727
158	0.00023324800026007972
159	0.00031614504055949645
160	0.0008941932080724643
161	0.0011611334149696784
162	0.0005968551730080996
163	0.0006597249707284158
164	0.001777814210605839
165	0.00031614504055949645
166	0.00039227481456759704
167	0.00039227481456759704
168	0.00013869009073472167
169	0.000463738267875727
170	0.002288138982163447
171	0.000463738267875727
172	0.00023324800026007972
173	0.00031614504055949645
174	0.00039227481456759704
175	0.00039227481456759704
176	0.00039227481456759704
177	0.00039227481456759704
178	0.00023324800026007972
179	0.00031614504055949645
180	0.00039227481456759704
181	0.00023324800026007972
182	0.00023324800026007972
183	0.00039227481456759704
184	0.0006597249707284158
185	0.0006597249707284158
186	0.0005968551730080996
187	0.00023324800026007972
188	0.00013869009073472167
189	0.0005316904626134415
190	0.0006597249707284158
191	0.000463738267875727
192	0.0009495174412775734
193	0.001003786750816293
194	0.000463738267875727
195	0.000463738267875727
196	0.000463738267875727
197	0.0005968551730080996
198	0.0005316904626134415
199	0.000463738267875727
200	0.0005316904626134415
201	0.000463738267875727
202	0.00039227481456759704
203	0.0005316904626134415
204	0.00023324800026007972
205	0.0007206548509766267
206	0.0006597249707284158
207	0.00023324800026007972
208	0.00023324800026007972
209	0.000463738267875727
210	0.00031614504055949645
211	0.0005316904626134415
212	0.000463738267875727
213	0.0011611334149696784
214	0.000463738267875727
215	0.000463738267875727
216	0.0009495174412775734
217	0.00023324800026007972
218	0.00031614504055949645
219	0.0005968551730080996
220	0.0005316904626134415
221	0.00039227481456759704
222	0.00031614504055949645
223	0.0018659840020806377
224	0.00039227481456759704
225	0.0005316904626134415
226	0.000463738267875727
227	0.000463738267875727
228	0.00031614504055949645
229	0.00031614504055949645
230	0.00039227481456759704
231	0.000463738267875727
232	0.00031614504055949645
233	0.00013869009073472167
234	0.00031614504055949645
235	0.00023324800026007972
236	0.00013869009073472167
237	0.00031614504055949645
238	0.00039227481456759704
239	0.00023324800026007972
240	0.00013869009073472167
241	0.000463738267875727
242	0.0005968551730080996
243	0.00031614504055949645
244	0.0011611334149696784
245	0.00023324800026007972
246	0.000463738267875727
247	0.00031614504055949645
248	0.00023324800026007972
249	0.0006597249707284158
250	0.00039227481456759704
251	0.00031614504055949645
252	0.0005316904626134415
253	0.00031614504055949645
254	0.000463738267875727
255	0.00031614504055949645
256	0.000463738267875727
257	0.00039227481456759704
258	0.000463738267875727
259	0.000463738267875727
260	0.0008941932080724643
261	0.0036750711435370306
262	0.000463738267875727
263	0.00039227481456759704
264	0.000463738267875727
265	0.0005968551730080996
266	0.00031614504055949645
267	0.00039227481456759704
268	0.00039227481456759704
269	0.000463738267875727
270	0.00031614504055949645
271	0.00031614504055949645
272	0.0024497050983209637
273	0.00039227481456759704
274	0.00023324800026007972
275	0.000463738267875727
276	0.00023324800026007972
277	0.00023324800026007972
278	0.00023324800026007972
279	0.00023324800026007972
280	0.00031614504055949645
281	0.00023324800026007972
282	0.000463738267875727
283	0.00023324800026007972
284	0.00031614504055949645
285	0.00023324800026007972
286	0.0005316904626134415
287	0.00023324800026007972
288	0.00039227481456759704
289	0.00031614504055949645
290	0.00031614504055949645
291	0.000463738267875727
292	0.00039227481456759704
293	0.00031614504055949645
294	0.00031614504055949645
295	0.00039227481456759704
296	0.0005316904626134415
297	0.000463738267875727
298	0.00023324800026007972
299	0.0005316904626134415
300	0.000463738267875727
301	0.00039227481456759704
302	0.00039227481456759704
303	0.00039227481456759704
304	0.00039227481456759704
305	0.00023324800026007972
306	0.000463738267875727
307	0.00031614504055949645
308	0.00013869009073472167
309	0.0006597249707284158
310	0.00039227481456759704
311	0.00031614504055949645
312	0.00023324800026007972
313	0.00039227481456759704
314	0.0005316904626134415
315	0.0006597249707284158
316	0.0005316904626134415
317	0.00039227481456759704
318	0.00039227481456759704
319	0.00039227481456759704
320	0.000463738267875727
321	0.000463738267875727
322	0.000463738267875727
323	0.000463738267875727
324	0.000463738267875727
325	0.00039227481456759704
326	0.00039227481456759704
327	0.00023324800026007972
328	0.00013869009073472167
329	0.00023324800026007972
330	0.00031614504055949645
331	0.000463738267875727
332	0.00039227481456759704
333	0.00039227481456759704
334	0.00031614504055949645
335	0.00023324800026007972
336	0.00023324800026007972
337	0.00039227481456759704
338	0.00039227481456759704
339	0.00031614504055949645
340	0.00039227481456759704
341	0.000463738267875727
342	0.00039227481456759704
343	0.000463738267875727
344	0.0005316904626134415
345	0.0007799116941453314
346	0.0019527858525586125
347	0.00031614504055949645
348	0.000463738267875727
349	0.00031614504055949645
350	0.0007799116941453314
351	0.00023324800026007972
352	0.00023324800026007972
353	0.00031614504055949645
354	0.00023324800026007972
355	0.00031614504055949645
356	0.0006597249707284158
357	0.00031614504055949645
358	0.00031614504055949645
359	0.00039227481456759704
360	0.00023324800026007972
361	0.0007799116941453314
362	0.000463738267875727
363	0.00031614504055949645
364	0.00023324800026007972
365	0.00031614504055949645
366	0.00023324800026007972
367	0.0005316904626134415
368	0.00039227481456759704
369	0.00031614504055949645
370	0.0005968551730080996
371	0.0005968551730080996
372	0.0007206548509766267
373	0.00039227481456759704
374	0.0005316904626134415
375	0.00039227481456759704
376	0.00039227481456759704
377	0.0034992036772254907
378	0.00023324800026007972
379	0.00013869009073472167
380	0.00013869009073472167
381	0.00039227481456759704
382	0.00031614504055949645
383	0.00013869009073472167
384	0.00039227481456759704
385	0.00023324800026007972
386	0.00023324800026007972
387	0.00031614504055949645
388	0.00023324800026007972
389	0.000463738267875727
390	0.00023324800026007972
391	0.00023324800026007972
392	0.00031614504055949645
393	0.00023324800026007972
394	0.00013869009073472167
395	0.00031614504055949645
396	0.00013869009073472167
397	0.00039227481456759704
398	0.00023324800026007972
399	0.00023324800026007972
400	0.00023324800026007972
401	0.00013869009073472167
402	0.000463738267875727
403	0.00013869009073472167
404	0.00023324800026007972
405	0.00013869009073472167
406	0.00039227481456759704
407	0.00013869009073472167
408	0.00023324800026007972
409	0.000463738267875727
410	0.00039227481456759704
411	0.00031614504055949645
412	0.00023324800026007972
413	0.0005316904626134415
414	0.00039227481456759704
415	0.000463738267875727
416	0.00031614504055949645
417	0.00031614504055949645
418	0.0005316904626134415
419	0.0008377027596680475
420	0.00023324800026007972
421	0.00023324800026007972
422	0.000463738267875727
423	0.00031614504055949645
424	0.00023324800026007972
425	0.0005968551730080996
426	0.00039227481456759704
427	0.0005316904626134415
428	0.00023324800026007972
429	0.00039227481456759704
430	0.00039227481456759704
431	0.000463738267875727
432	0.0005968551730080996
433	0.0007799116941453314
434	0.00031614504055949645
435	0.00039227481456759704
436	0.00039227481456759704
437	0.00013869009073472167
438	0.000463738267875727
439	0.0005316904626134415
440	0.00031614504055949645
441	0.00013869009073472167
442	0.00013869009073472167
443	0.00023324800026007972
444	0.00023324800026007972
445	0.00023324800026007972
446	0.0011095207258777734
447	0.00023324800026007972
448	0.00031614504055949645
449	0.000463738267875727
450	0.00013869009073472167
451	0.000463738267875727
452	0.00039227481456759704
453	0.00039227481456759704
454	0.00031614504055949645
455	0.000463738267875727
456	0.00039227481456759704
457	0.000463738267875727
458	0.00013869009073472167
459	0.00023324800026007972
460	0.0005316904626134415
461	0.00031614504055949645
462	0.00023324800026007972
463	0.00039227481456759704
464	0.00031614504055949645
465	0.00039227481456759704
466	0.00031614504055949645
467	0.0007206548509766267
468	0.00039227481456759704
469	0.00023324800026007972
470	0.00031614504055949645
471	0.00039227481456759704
472	0.00023324800026007972
473	0.00039227481456759704
474	0.001003786750816293
475	0.00023324800026007972
476	0.000463738267875727
477	0.00031614504055949645
478	0.000463738267875727
479	0.0005316904626134415
480	0.00039227481456759704
481	0.0005968551730080996
482	0.00013869009073472167
483	0.0005316904626134415
484	0.000463738267875727
485	0.00031614504055949645
486	0.00039227481456759704
487	0.00023324800026007972
488	0.00023324800026007972
489	0.00039227481456759704
490	0.00039227481456759704
491	0.0005968551730080996
492	0.00031614504055949645
493	0.000463738267875727
494	0.00023324800026007972
495	0.00031614504055949645
496	0.00031614504055949645
497	0.00031614504055949645
498	0.0005316904626134415
499	0.0007799116941453314
500	0.0006597249707284158
501	0.000463738267875727
502	0.00039227481456759704
503	0.0006597249707284158
504	0.00031614504055949645
505	0.0008377027596680475
506	0.00023324800026007972
507	0.00023324800026007972
508	0.00031614504055949645
509	0.00013869009073472167
510	0.000463738267875727
511	0.0006597249707284158
512	0.0009495174412775734
513	0.00039227481456759704
514	0.0005316904626134415
515	0.000463738267875727
516	0.000463738267875727
517	0.00031614504055949645
518	0.0005968551730080996
519	0.0005316904626134415
520	0.0007206548509766267
521	0.0005316904626134415
522	0.00023324800026007972
523	0.00031614504055949645
524	0.000463738267875727
525	0.00039227481456759704
526	0.0007799116941453314
527	0.000463738267875727
528	0.0018220769017544198
529	0.000463738267875727
530	0.00013869009073472167
531	0.000463738267875727
532	0.00031614504055949645
533	0.00039227481456759704
534	0.00031614504055949645
535	0.00031614504055949645
536	0.00031614504055949645
537	0.00023324800026007972
538	0.00013869009073472167
539	0.0005316904626134415
540	0.00039227481456759704
541	0.00031614504055949645
542	0.00031614504055949645
543	0.00023324800026007972
544	0.0006597249707284158
545	0.0005316904626134415
546	0.000463738267875727
547	0.0005316904626134415
548	0.000463738267875727
549	0.0005968551730080996
550	0.000463738267875727
551	0.0012119921616428903
552	0.00031614504055949645
553	0.00023324800026007972
554	0.00039227481456759704
555	0.000463738267875727
556	0.00023324800026007972
557	0.00039227481456759704
558	0.00039227481456759704
559	0.00023324800026007972
560	0.000463738267875727
561	0.00031614504055949645
562	0.00039227481456759704
563	0.00031614504055949645
564	0.00031614504055949645
565	0.0006597249707284158
566	0.00031614504055949645
567	0.0007206548509766267
568	0.0009495174412775734
569	0.00039227481456759704
570	0.000463738267875727
571	0.00031614504055949645
572	0.00039227481456759704
573	0.000463738267875727
574	0.00023324800026007972
575	0.00013869009073472167
576	0.00039227481456759704
577	0.00039227481456759704
578	0.000463738267875727
579	0.001311649895642521
580	0.00031614504055949645
581	0.00039227481456759704
582	0.00031614504055949645
583	0.00031614504055949645
584	0.00031614504055949645
585	0.00031614504055949645
586	0.00023324800026007972
587	0.0005968551730080996
588	0.00039227481456759704
589	0.00023324800026007972
590	0.00031614504055949645
591	0.0005316904626134415
592	0.00031614504055949645
593	0.0006597249707284158
594	0.000463738267875727
595	0.000463738267875727
596	0.0005316904626134415
597	0.00023324800026007972
598	0.00013869009073472167
599	0.0018220769017544198
600	0.00031614504055949645
601	0.00031614504055949645
602	0.00023324800026007972
603	0.00039227481456759704
604	0.000463738267875727
605	0.00039227481456759704
606	0.00031614504055949645
607	0.00039227481456759704
608	0.0005316904626134415
609	0.0007206548509766267
610	0.00039227481456759704
611	0.00023324800026007972
612	0.000463738267875727
613	0.0005316904626134415
614	0.0006597249707284158
615	0.00031614504055949645
616	0.00023324800026007972
617	0.0005968551730080996
618	0.000463738267875727
619	0.0012119921616428903
620	0.00039227481456759704
621	0.00031614504055949645
622	0.00023324800026007972
623	0.00023324800026007972
624	0.00039227481456759704
625	0.00031614504055949645
626	0.0011095207258777734
627	0.000463738267875727
628	0.00039227481456759704
629	0.00039227481456759704
630	0.0007799116941453314
631	0.0005316904626134415
632	0.00023324800026007972
633	0.00039227481456759704
634	0.00031614504055949645
635	0.00039227481456759704
636	0.0007206548509766267
637	0.0006597249707284158
638	0.00039227481456759704
639	0.00023324800026007972
640	0.0005316904626134415
641	0.0005968551730080996
642	0.0005316904626134415
643	0.00031614504055949645
644	0.00039227481456759704
645	0.00039227481456759704
646	0.000463738267875727
647	0.00031614504055949645
648	0.0007799116941453314
649	0.00031614504055949645
650	0.00023324800026007972
651	0.00031614504055949645
652	0.00039227481456759704
653	0.00031614504055949645
654	0.0005316904626134415
655	0.00023324800026007972
656	0.00039227481456759704
657	0.00031614504055949645
658	0.001003786750816293
659	0.0012621490158738514
660	0.00039227481456759704
661	0.00023324800026007972
662	0.00023324800026007972
663	0.00023324800026007972
664	0.00031614504055949645
665	0.0005968551730080996
666	0.00031614504055949645
667	0.00031614504055949645
668	0.0008377027596680475
669	0.00031614504055949645
670	0.00039227481456759704
671	0.000463738267875727
672	0.000463738267875727
673	0.0005316904626134415
674	0.00031614504055949645
675	0.000463738267875727
676	0.001057094654202705
677	0.00039227481456759704
678	0.00031614504055949645
679	0.00039227481456759704
680	0.00039227481456759704
681	0.00023324800026007972
682	0.000463738267875727
683	0.00031614504055949645
684	0.00023324800026007972
685	0.00039227481456759704
686	0.0005968551730080996
687	0.00031614504055949645
688	0.0007206548509766267
689	0.00039227481456759704
690	0.0012119921616428903
691	0.00023324800026007972
692	0.000463738267875727
693	0.00031614504055949645
694	0.00023324800026007972
695	0.000463738267875727
696	0.00023324800026007972
697	0.00031614504055949645
698	0.0005968551730080996
699	0.00031614504055949645
700	0.0005968551730080996
701	0.00031614504055949645
702	0.00013869009073472167
703	0.00039227481456759704
704	0.000463738267875727
705	0.00031614504055949645
706	0.00023324800026007972
707	0.0005316904626134415
708	0.00039227481456759704
709	0.00031614504055949645
710	0.000463738267875727
711	0.00023324800026007972
712	0.00031614504055949645
713	0.000463738267875727
714	0.0031749029163019816
715	0.00039227481456759704
716	0.00031614504055949645
717	0.00023324800026007972
718	0.00023324800026007972
719	0.00031614504055949645
720	0.00023324800026007972
721	0.00013869009073472167
722	0.00023324800026007972
723	0.00023324800026007972
724	0.00023324800026007972
725	0.00023324800026007972
726	0.00023324800026007972
727	0.00023324800026007972
728	0.00039227481456759704
729	0.00023324800026007972
730	0.00039227481456759704
731	0.00039227481456759704
732	0.00039227481456759704
733	0.00031614504055949645
734	0.000463738267875727
735	0.00031614504055949645
736	0.00039227481456759704
737	0.0006597249707284158
738	0.0005316904626134415
739	0.0005968551730080996
740	0.0006597249707284158
741	0.0005316904626134415
742	0.00039227481456759704
743	0.00039227481456759704
744	0.0005316904626134415
745	0.0011611334149696784
746	0.00031614504055949645
747	0.000463738267875727
748	0.00039227481456759704
749	0.00039227481456759704
750	0.000463738267875727
751	0.00031614504055949645
752	0.0005316904626134415
753	0.00039227481456759704
754	0.00013869009073472167
755	0.00031614504055949645
756	0.00039227481456759704
757	0.00013869009073472167
758	0.00031614504055949645
759	0.000463738267875727
760	0.002080638954900119
761	0.00039227481456759704
762	0.00031614504055949645
763	0.00031614504055949645
764	0.00031614504055949645
765	0.000463738267875727
766	0.00023324800026007972
767	0.00023324800026007972
768	0.00023324800026007972
769	0.00023324800026007972
770	0.00039227481456759704
771	0.00039227481456759704
772	0.00023324800026007972
773	0.000463738267875727
774	0.00023324800026007972
775	0.0005316904626134415
776	0.0011611334149696784
777	0.00031614504055949645
778	0.0006597249707284158
779	0.0005316904626134415
780	0.00031614504055949645
781	0.000463738267875727
782	0.000463738267875727
783	0.0005968551730080996
784	0.00023324800026007972
785	0.00039227481456759704
786	0.00023324800026007972
787	0.000463738267875727
788	0.000463738267875727
789	0.00031614504055949645
790	0.000463738267875727
791	0.00023324800026007972
792	0.000463738267875727
793	0.00031614504055949645
794	0.0005968551730080996
795	0.00031614504055949645
796	0.0005316904626134415
797	0.0008941932080724643
798	0.00023324800026007972
799	0.00039227481456759704
800	0.00039227481456759704
801	0.00039227481456759704
802	0.000463738267875727
803	0.00039227481456759704
804	0.00013869009073472167
805	0.00031614504055949645
806	0.00039227481456759704
807	0.00031614504055949645
808	0.00031614504055949645
809	0.00023324800026007972
810	0.00031614504055949645
811	0.0006597249707284158
812	0.000463738267875727
813	0.00013869009073472167
814	0.0007206548509766267
815	0.00039227481456759704
816	0.00039227481456759704
817	0.00031614504055949645
818	0.0022059233906274096
819	0.00031614504055949645
820	0.00031614504055949645
821	0.00023324800026007972
822	0.00023324800026007972
823	0.00023324800026007972
824	0.000463738267875727
825	0.00023324800026007972
826	0.00023324800026007972
827	0.00039227481456759704
828	0.00023324800026007972
829	0.00023324800026007972
830	0.00023324800026007972
831	0.000463738267875727
832	0.00031614504055949645
833	0.00039227481456759704
834	0.00039227481456759704
835	0.00031614504055949645
836	0.00031614504055949645
837	0.00023324800026007972
838	0.00031614504055949645
839	0.00039227481456759704
840	0.0011095207258777734
841	0.00023324800026007972
842	0.00031614504055949645
843	0.00013869009073472167
844	0.00023324800026007972
845	0.000463738267875727
846	0.000463738267875727
847	0.000463738267875727
848	0.0005316904626134415
849	0.00031614504055949645
850	0.00023324800026007972
851	0.000463738267875727
852	0.00013869009073472167
853	0.00013869009073472167
854	0.0018659840020806377
855	0.00031614504055949645
856	0.000463738267875727
857	0.0005968551730080996
858	0.00031614504055949645
859	0.00023324800026007972
860	0.0008941932080724643
861	0.000463738267875727
862	0.00031614504055949645
863	0.00023324800026007972
864	0.000463738267875727
865	0.0007206548509766267
866	0.00023324800026007972
867	0.000463738267875727
868	0.00031614504055949645
869	0.00039227481456759704
870	0.00031614504055949645
871	0.00039227481456759704
872	0.0012621490158738514
873	0.00031614504055949645
874	0.00039227481456759704
875	0.0012119921616428903
876	0.00023324800026007972
877	0.00023324800026007972
878	0.00031614504055949645
879	0.00039227481456759704
880	0.001456603366290865
881	0.0007799116941453314
882	0.000463738267875727
883	0.0006597249707284158
884	0.0008377027596680475
885	0.00023324800026007972
886	0.00039227481456759704
887	0.00039227481456759704
888	0.00013869009073472167
889	0.00031614504055949645
890	0.0005316904626134415
891	0.00039227481456759704
892	0.0008377027596680475
893	0.0006597249707284158
894	0.00013869009073472167
895	0.00013869009073472167
896	0.00023324800026007972
897	0.00039227481456759704
898	0.00023324800026007972
899	0.00013869009073472167
900	0.00039227481456759704
901	0.00023324800026007972
902	0.00031614504055949645
903	0.0009495174412775734
904	0.000463738267875727
905	0.00031614504055949645
906	0.0005316904626134415
907	0.000463738267875727
908	0.00023324800026007972
909	0.00031614504055949645
910	0.0005316904626134415
911	0.00039227481456759704
912	0.00031614504055949645
913	0.00039227481456759704
914	0.00031614504055949645
915	0.0005316904626134415
916	0.00023324800026007972
917	0.00013869009073472167
918	0.000463738267875727
919	0.00031614504055949645
920	0.00039227481456759704
921	0.00039227481456759704
922	0.0006597249707284158
923	0.00031614504055949645
924	0.00031614504055949645
925	0.000463738267875727
926	0.00023324800026007972
927	0.0006597249707284158
928	0.000463738267875727
929	0.000463738267875727
930	0.0005316904626134415
931	0.00031614504055949645
932	0.00031614504055949645
933	0.00039227481456759704
934	0.00039227481456759704
935	0.00031614504055949645
936	0.0008941932080724643
937	0.00031614504055949645
938	0.0007799116941453314
939	0.000463738267875727
940	0.0005968551730080996
941	0.00023324800026007972
942	0.00031614504055949645
943	0.0007799116941453314
944	0.00031614504055949645
945	0.000463738267875727
946	0.0006597249707284158
947	0.00039227481456759704
948	0.00023324800026007972
949	0.000463738267875727
950	0.0008377027596680475
951	0.000463738267875727
952	0.00031614504055949645
953	0.00039227481456759704
954	0.00031614504055949645
955	0.00039227481456759704
956	0.0007799116941453314
957	0.00039227481456759704
958	0.000463738267875727
959	0.00031614504055949645
960	0.00023324800026007972
961	0.00031614504055949645
962	0.000463738267875727
963	0.00031614504055949645
964	0.00039227481456759704
965	0.00023324800026007972
966	0.00023324800026007972
967	0.00023324800026007972
968	0.00031614504055949645
969	0.000463738267875727
970	0.00031614504055949645
971	0.0007206548509766267
972	0.00023324800026007972
973	0.00031614504055949645
974	0.000463738267875727
975	0.00031614504055949645
976	0.00023324800026007972
977	0.00031614504055949645
978	0.0006597249707284158
979	0.00031614504055949645
980	0.00039227481456759704
981	0.00031614504055949645
982	0.00013869009073472167
983	0.00031614504055949645
984	0.0005968551730080996
985	0.0005316904626134415
986	0.00031614504055949645
987	0.000463738267875727
988	0.0005316904626134415
989	0.00039227481456759704
990	0.00039227481456759704
991	0.00013869009073472167
992	0.00013869009073472167
993	0.00013869009073472167
994	0.00023324800026007972
995	0.0005968551730080996
996	0.00039227481456759704
997	0.00039227481456759704
998	0.00023324800026007972
999	0.00023324800026007972
1000	0.00023324800026007972
1001	0.00031614504055949645
1002	0.00031614504055949645
1003	0.00031614504055949645
1004	0.00031614504055949645
1005	0.000463738267875727
1006	0.000463738267875727
1007	0.00031614504055949645
1008	0.00031614504055949645
1009	0.00023324800026007972
1010	0.00013869009073472167
1011	0.00023324800026007972
1012	0.00023324800026007972
1013	0.00023324800026007972
1014	0.00023324800026007972
1015	0.0006597249707284158
1016	0.00039227481456759704
1017	0.000463738267875727
1018	0.00039227481456759704
1019	0.000463738267875727
1020	0.00023324800026007972
1021	0.0005968551730080996
1022	0.0005316904626134415
1023	0.00039227481456759704
1024	0.0007206548509766267
1025	0.00013869009073472167
1026	0.00023324800026007972
1027	0.00031614504055949645
1028	0.00013869009073472167
1029	0.0005316904626134415
1030	0.0006597249707284158
1031	0.0005316904626134415
1032	0.00039227481456759704
1033	0.0005968551730080996
1034	0.00031614504055949645
1035	0.000463738267875727
1036	0.00031614504055949645
1037	0.00023324800026007972
1038	0.0006597249707284158
1039	0.00031614504055949645
1040	0.00023324800026007972
1041	0.00031614504055949645
1042	0.00023324800026007972
1043	0.00039227481456759704
1044	0.0007206548509766267
1045	0.00023324800026007972
1046	0.000463738267875727
1047	0.00039227481456759704
1048	0.0005316904626134415
1049	0.000463738267875727
1050	0.00031614504055949645
1051	0.00031614504055949645
1052	0.000463738267875727
1053	0.0007799116941453314
1054	0.00039227481456759704
1055	0.0005968551730080996
1056	0.0005316904626134415
1057	0.0007206548509766267
1058	0.000463738267875727
1059	0.00031614504055949645
1060	0.0007206548509766267
1061	0.000463738267875727
1062	0.001003786750816293
1063	0.00039227481456759704
1064	0.00023324800026007972
1065	0.00031614504055949645
1066	0.00031614504055949645
1067	0.00039227481456759704
1068	0.00039227481456759704
1069	0.000463738267875727
1070	0.000463738267875727
1071	0.0008941932080724643
1072	0.00013869009073472167
1073	0.00013869009073472167
1074	0.00013869009073472167
1075	0.00039227481456759704
1076	0.00031614504055949645
1077	0.00031614504055949645
1078	0.00023324800026007972
1079	0.00031614504055949645
1080	0.00031614504055949645
1081	0.00039227481456759704
1082	0.00039227481456759704
1083	0.0006597249707284158
1084	0.0007799116941453314
1085	0.00023324800026007972
1086	0.00023324800026007972
1087	0.00031614504055949645
1088	0.00023324800026007972
1089	0.00039227481456759704
1090	0.00031614504055949645
1091	0.00013869009073472167
1092	0.00013869009073472167
1093	0.000463738267875727
1094	0.00031614504055949645
1095	0.000463738267875727
1096	0.00023324800026007972
1097	0.00039227481456759704
1098	0.000463738267875727
1099	0.00039227481456759704
1100	0.00013869009073472167
1101	0.000463738267875727
1102	0.00039227481456759704
1103	0.0005316904626134415
1104	0.00039227481456759704
1105	0.00039227481456759704
1106	0.0006597249707284158
1107	0.00031614504055949645
1108	0.00031614504055949645
1109	0.0005316904626134415
1110	0.000463738267875727
1111	0.0006597249707284158
1112	0.00039227481456759704
1113	0.00013869009073472167
1114	0.00013869009073472167
1115	0.00023324800026007972
1116	0.00023324800026007972
1117	0.00031614504055949645
1118	0.0006597249707284158
1119	0.00039227481456759704
1120	0.0015968916251823818
1121	0.00031614504055949645
1122	0.00031614504055949645
1123	0.00031614504055949645
1124	0.00023324800026007972
1125	0.0005316904626134415
1126	0.00031614504055949645
1127	0.00023324800026007972
1128	0.00039227481456759704
1129	0.0006597249707284158
1130	0.0014088424953060102
1131	0.0011611334149696784
1132	0.00031614504055949645
1133	0.00023324800026007972
1134	0.00023324800026007972
1135	0.00039227481456759704
1136	0.0005968551730080996
1137	0.00031614504055949645
1138	0.00023324800026007972
1139	0.000463738267875727
1140	0.00031614504055949645
1141	0.00013869009073472167
1142	0.00031614504055949645
1143	0.0006597249707284158
1144	0.00023324800026007972
1145	0.00023324800026007972
1146	0.00031614504055949645
1147	0.00039227481456759704
1148	0.000463738267875727
1149	0.000463738267875727
1150	0.0005968551730080996
1151	0.00023324800026007972
1152	0.00031614504055949645
1153	0.00039227481456759704
1154	0.00031614504055949645
1155	0.00023324800026007972
1156	0.00031614504055949645
1157	0.00039227481456759704
1158	0.0005968551730080996
1159	0.00031614504055949645
1160	0.00023324800026007972
1161	0.0005316904626134415
1162	0.00023324800026007972
1163	0.00023324800026007972
1164	0.00031614504055949645
1165	0.00039227481456759704
1166	0.00031614504055949645
1167	0.00013869009073472167
1168	0.0006597249707284158
1169	0.000463738267875727
1170	0.00039227481456759704
1171	0.00031614504055949645
1172	0.00031614504055949645
1173	0.0005968551730080996
1174	0.000463738267875727
1175	0.00031614504055949645
1176	0.00023324800026007972
1177	0.00023324800026007972
1178	0.00013869009073472167
1179	0.0005316904626134415
1180	0.00031614504055949645
1181	0.000463738267875727
1182	0.00023324800026007972
1183	0.00013869009073472167
1184	0.00013869009073472167
1185	0.00031614504055949645
1186	0.00031614504055949645
1187	0.000463738267875727
1188	0.000463738267875727
1189	0.000463738267875727
1190	0.0007799116941453314
1191	0.00039227481456759704
1192	0.00031614504055949645
1193	0.00013869009073472167
1194	0.0014088424953060102
1195	0.00031614504055949645
1196	0.00023324800026007972
1197	0.0005968551730080996
1198	0.00023324800026007972
1199	0.0005968551730080996
1200	0.00013869009073472167
1201	0.00013869009073472167
1202	0.0011095207258777734
1203	0.000463738267875727
1204	0.0007206548509766267
1205	0.0005316904626134415
1206	0.001311649895642521
1207	0.0005316904626134415
1208	0.00039227481456759704
1209	0.0007799116941453314
1210	0.00031614504055949645
1211	0.0008377027596680475
1212	0.00031614504055949645
1213	0.00023324800026007972
1214	0.00023324800026007972
1215	0.00023324800026007972
1216	0.00023324800026007972
1217	0.00023324800026007972
1218	0.0007206548509766267
1219	0.00039227481456759704
1220	0.000463738267875727
1221	0.000463738267875727
1222	0.00039227481456759704
1223	0.0008941932080724643
1224	0.00013869009073472167
1225	0.000463738267875727
1226	0.00039227481456759704
1227	0.0006597249707284158
1228	0.000463738267875727
1229	0.000463738267875727
1230	0.001311649895642521
1231	0.000463738267875727
1232	0.000463738267875727
1233	0.000463738267875727
1234	0.00013869009073472167
1235	0.00013869009073472167
1236	0.00023324800026007972
1237	0.0008377027596680475
1238	0.00013869009073472167
1239	0.0005316904626134415
1240	0.001456603366290865
1241	0.00023324800026007972
1242	0.00013869009073472167
1243	0.0005316904626134415
1244	0.00039227481456759704
1245	0.00039227481456759704
1246	0.000463738267875727
1247	0.00039227481456759704
1248	0.00031614504055949645
1249	0.00023324800026007972
1250	0.0005316904626134415
1251	0.0007206548509766267
1252	0.00013869009073472167
1253	0.00023324800026007972
1254	0.00031614504055949645
1255	0.00013869009073472167
1256	0.00031614504055949645
1257	0.00039227481456759704
1258	0.00013869009073472167
1259	0.00023324800026007972
1260	0.00023324800026007972
1261	0.0005316904626134415
1262	0.0005316904626134415
1263	0.00039227481456759704
1264	0.0005316904626134415
1265	0.00039227481456759704
1266	0.00031614504055949645
1267	0.00039227481456759704
1268	0.00023324800026007972
1269	0.00039227481456759704
1270	0.00013869009073472167
1271	0.00023324800026007972
1272	0.00039227481456759704
1273	0.0005316904626134415
1274	0.00023324800026007972
1275	0.00031614504055949645
1276	0.00023324800026007972
1277	0.000463738267875727
1278	0.00013869009073472167
1279	0.000463738267875727
1280	0.0008377027596680475
1281	0.00031614504055949645
1282	0.00031614504055949645
1283	0.00013869009073472167
1284	0.0006597249707284158
1285	0.0005968551730080996
1286	0.000463738267875727
1287	0.00039227481456759704
1288	0.0005316904626134415
1289	0.00039227481456759704
1290	0.000463738267875727
1291	0.00031614504055949645
1292	0.00031614504055949645
1293	0.00031614504055949645
1294	0.000463738267875727
1295	0.00023324800026007972
1296	0.00031614504055949645
1297	0.0005316904626134415
1298	0.000463738267875727
1299	0.00031614504055949645
1300	0.000463738267875727
1301	0.00031614504055949645
1302	0.0013605355788519277
1303	0.0005316904626134415
1304	0.00039227481456759704
1305	0.0009495174412775734
1306	0.0008377027596680475
1307	0.00031614504055949645
1308	0.00013869009073472167
1309	0.000463738267875727
1310	0.00031614504055949645
1311	0.00039227481456759704
1312	0.0006597249707284158
1313	0.00039227481456759704
1314	0.0007206548509766267
1315	0.0007206548509766267
1316	0.00031614504055949645
1317	0.00031614504055949645
1318	0.00039227481456759704
1319	0.000463738267875727
1320	0.0006597249707284158
1321	0.0005316904626134415
1322	0.00031614504055949645
1323	0.00023324800026007972
1324	0.00031614504055949645
1325	0.00023324800026007972
1326	0.00031614504055949645
1327	0.00039227481456759704
1328	0.0005316904626134415
1329	0.0005968551730080996
1330	0.00031614504055949645
1331	0.00023324800026007972
1332	0.000463738267875727
1333	0.00023324800026007972
1334	0.00031614504055949645
1335	0.00039227481456759704
1336	0.0005316904626134415
1337	0.00039227481456759704
1338	0.00031614504055949645
1339	0.00031614504055949645
1340	0.00039227481456759704
1341	0.00039227481456759704
1342	0.0005968551730080996
1343	0.00023324800026007972
1344	0.000463738267875727
1345	0.00013869009073472167
1346	0.00013869009073472167
1347	0.00023324800026007972
1348	0.00023324800026007972
1349	0.00023324800026007972
1350	0.00039227481456759704
1351	0.0008377027596680475
1352	0.000463738267875727
1353	0.00023324800026007972
1354	0.0005316904626134415
1355	0.00039227481456759704
1356	0.00023324800026007972
1357	0.00023324800026007972
1358	0.00023324800026007972
1359	0.00039227481456759704
1360	0.0005316904626134415
1361	0.00039227481456759704
1362	0.00039227481456759704
1363	0.0007206548509766267
1364	0.000463738267875727
1365	0.000463738267875727
1366	0.000463738267875727
1367	0.00031614504055949645
1368	0.0005968551730080996
1369	0.00039227481456759704
1370	0.00039227481456759704
1371	0.00013869009073472167
1372	0.0005316904626134415
1373	0.000463738267875727
1374	0.00031614504055949645
1375	0.0006597249707284158
1376	0.0005316904626134415
1377	0.00023324800026007972
1378	0.00031614504055949645
1379	0.00039227481456759704
1380	0.00023324800026007972
1381	0.00039227481456759704
1382	0.0007206548509766267
1383	0.00031614504055949645
1384	0.00023324800026007972
1385	0.00023324800026007972
1386	0.00031614504055949645
1387	0.00023324800026007972
1388	0.00031614504055949645
1389	0.0009495174412775734
1390	0.00013869009073472167
1391	0.00013869009073472167
1392	0.00023324800026007972
1393	0.00031614504055949645
1394	0.00031614504055949645
1395	0.00039227481456759704
1396	0.00013869009073472167
1397	0.00039227481456759704
1398	0.00031614504055949645
1399	0.0005316904626134415
1400	0.000463738267875727
1401	0.0005968551730080996
1402	0.0007206548509766267
1403	0.0008377027596680475
1404	0.00013869009073472167
1405	0.0005968551730080996
1406	0.00039227481456759704
1407	0.0005316904626134415
1408	0.00031614504055949645
1409	0.00023324800026007972
1410	0.00013869009073472167
1411	0.00023324800026007972
1412	0.00031614504055949645
1413	0.0005316904626134415
1414	0.00023324800026007972
1415	0.00023324800026007972
1416	0.00039227481456759704
1417	0.00039227481456759704
1418	0.000463738267875727
1419	0.0006597249707284158
1420	0.0005968551730080996
1421	0.00031614504055949645
1422	0.00039227481456759704
1423	0.001057094654202705
1424	0.00023324800026007972
1425	0.000463738267875727
1426	0.00023324800026007972
1427	0.00039227481456759704
1428	0.00031614504055949645
1429	0.00023324800026007972
1430	0.0012621490158738514
1431	0.0005316904626134415
1432	0.00031614504055949645
1433	0.00023324800026007972
1434	0.0005316904626134415
1435	0.00039227481456759704
1436	0.00023324800026007972
1437	0.00023324800026007972
1438	0.0005968551730080996
1439	0.00023324800026007972
1440	0.00031614504055949645
1441	0.00031614504055949645
1442	0.00039227481456759704
1443	0.00031614504055949645
1444	0.00013869009073472167
1445	0.00023324800026007972
1446	0.00013869009073472167
1447	0.00023324800026007972
1448	0.00013869009073472167
1449	0.00013869009073472167
1450	0.00013869009073472167
1451	0.00023324800026007972
1452	0.00013869009073472167
1453	0.00023324800026007972
1454	0.00039227481456759704
1455	0.00031614504055949645
1456	0.00013869009073472167
1457	0.00031614504055949645
1458	0.00023324800026007972
1459	0.00031614504055949645
1460	0.00039227481456759704
1461	0.00039227481456759704
1462	0.00039227481456759704
1463	0.00023324800026007972
1464	0.00039227481456759704
1465	0.00031614504055949645
1466	0.0006597249707284158
1467	0.0009495174412775734
1468	0.00031614504055949645
1469	0.00031614504055949645
1470	0.00023324800026007972
1471	0.0005968551730080996
1472	0.00031614504055949645
1473	0.00031614504055949645
1474	0.00013869009073472167
1475	0.00031614504055949645
1476	0.00023324800026007972
1477	0.00031614504055949645
1478	0.00023324800026007972
1479	0.00013869009073472167
1480	0.00023324800026007972
1481	0.00039227481456759704
1482	0.00023324800026007972
1483	0.000463738267875727
1484	0.00023324800026007972
1485	0.000463738267875727
1486	0.00031614504055949645
1487	0.00031614504055949645
1488	0.0005316904626134415
1489	0.00013869009073472167
1490	0.00039227481456759704
1491	0.00023324800026007972
1492	0.00039227481456759704
1493	0.0019527858525586125
1494	0.00013869009073472167
1495	0.000463738267875727
1496	0.0007799116941453314
1497	0.0005968551730080996
1498	0.00023324800026007972
1499	0.00031614504055949645
1500	0.00031614504055949645
1501	0.0007206548509766267
1502	0.000463738267875727
1503	0.00023324800026007972
1504	0.0005316904626134415
1505	0.0005316904626134415
1506	0.0005316904626134415
1507	0.0005316904626134415
1508	0.0005968551730080996
1509	0.0006597249707284158
1510	0.00039227481456759704
1511	0.0005316904626134415
1512	0.00013869009073472167
1513	0.000463738267875727
1514	0.00031614504055949645
1515	0.00013869009073472167
1516	0.00013869009073472167
1517	0.00013869009073472167
1518	0.00013869009073472167
1519	0.00013869009073472167
1520	0.00013869009073472167
1521	0.00031614504055949645
1522	0.00013869009073472167
1523	0.00013869009073472167
1524	0.00013869009073472167
1525	0.00031614504055949645
1526	0.00013869009073472167
1527	0.00031614504055949645
1528	0.00031614504055949645
1529	0.0005316904626134415
1530	0.00039227481456759704
1531	0.0006597249707284158
1532	0.00013869009073472167
1533	0.00039227481456759704
1534	0.00031614504055949645
1535	0.0005968551730080996
1536	0.00031614504055949645
1537	0.00031614504055949645
1538	0.00023324800026007972
1539	0.00023324800026007972
1540	0.000463738267875727
1541	0.000463738267875727
1542	0.00013869009073472167
1543	0.0007206548509766267
1544	0.0005316904626134415
1545	0.0005316904626134415
1546	0.00013869009073472167
1547	0.0009495174412775734
1548	0.00023324800026007972
1549	0.00031614504055949645
1550	0.00023324800026007972
1551	0.0006597249707284158
1552	0.000463738267875727
1553	0.00039227481456759704
1554	0.00031614504055949645
1555	0.00023324800026007972
1556	0.0006597249707284158
1557	0.00031614504055949645
1558	0.00039227481456759704
1559	0.0005316904626134415
1560	0.00039227481456759704
1561	0.00031614504055949645
1562	0.00039227481456759704
1563	0.0009495174412775734
1564	0.0005316904626134415
1565	0.00031614504055949645
1566	0.00031614504055949645
1567	0.00023324800026007972
1568	0.00039227481456759704
1569	0.00031614504055949645
1570	0.00031614504055949645
1571	0.00039227481456759704
1572	0.00031614504055949645
1573	0.00031614504055949645
1574	0.000463738267875727
1575	0.0007799116941453314
1576	0.00031614504055949645
1577	0.00023324800026007972
1578	0.0005316904626134415
1579	0.0005968551730080996
1580	0.000463738267875727
1581	0.0005316904626134415
1582	0.0007206548509766267
1583	0.00031614504055949645
1584	0.00023324800026007972
1585	0.00039227481456759704
1586	0.00023324800026007972
1587	0.00031614504055949645
1588	0.00023324800026007972
1589	0.00023324800026007972
1590	0.000463738267875727
1591	0.00031614504055949645
1592	0.00031614504055949645
1593	0.00013869009073472167
1594	0.00031614504055949645
1595	0.00031614504055949645
1596	0.00013869009073472167
1597	0.00023324800026007972
1598	0.00013869009073472167
1599	0.0017331810449947465
1600	0.00023324800026007972
1601	0.00023324800026007972
1602	0.00031614504055949645
1603	0.00023324800026007972
1604	0.00023324800026007972
1605	0.00031614504055949645
1606	0.00039227481456759704
1607	0.00039227481456759704
1608	0.0008377027596680475
1609	0.0007799116941453314
1610	0.00031614504055949645
1611	0.00039227481456759704
1612	0.00031614504055949645
1613	0.00031614504055949645
1614	0.0005316904626134415
1615	0.00031614504055949645
1616	0.00031614504055949645
1617	0.00031614504055949645
1618	0.000463738267875727
1619	0.00031614504055949645
1620	0.00031614504055949645
1621	0.00031614504055949645
1622	0.00039227481456759704
1623	0.0006597249707284158
1624	0.00013869009073472167
1625	0.00023324800026007972
1626	0.00023324800026007972
1627	0.00039227481456759704
1628	0.00023324800026007972
1629	0.00039227481456759704
1630	0.00023324800026007972
1631	0.00023324800026007972
1632	0.00023324800026007972
1633	0.00031614504055949645
1634	0.00031614504055949645
1635	0.00013869009073472167
1636	0.00023324800026007972
1637	0.00023324800026007972
1638	0.00013869009073472167
1639	0.00023324800026007972
1640	0.00023324800026007972
1641	0.000463738267875727
1642	0.00013869009073472167
1643	0.00039227481456759704
1644	0.00031614504055949645
1645	0.00013869009073472167
1646	0.00039227481456759704
1647	0.00031614504055949645
1648	0.0007206548509766267
1649	0.00023324800026007972
1650	0.00031614504055949645
1651	0.00039227481456759704
1652	0.00023324800026007972
1653	0.00023324800026007972
1654	0.0005968551730080996
1655	0.00013869009073472167
1656	0.00023324800026007972
1657	0.00031614504055949645
1658	0.00013869009073472167
1659	0.00013869009073472167
1660	0.00039227481456759704
1661	0.00031614504055949645
1662	0.00039227481456759704
1663	0.0009495174412775734
1664	0.00023324800026007972
1665	0.00031614504055949645
1666	0.00013869009073472167
1667	0.00013869009073472167
1668	0.00039227481456759704
1669	0.00023324800026007972
1670	0.000463738267875727
1671	0.00023324800026007972
1672	0.00039227481456759704
1673	0.00013869009073472167
1674	0.0005316904626134415
1675	0.00031614504055949645
1676	0.00039227481456759704
1677	0.00023324800026007972
1678	0.00023324800026007972
1679	0.00039227481456759704
1680	0.00031614504055949645
1681	0.00039227481456759704
1682	0.00031614504055949645
1683	0.00023324800026007972
1684	0.0007206548509766267
1685	0.0005316904626134415
1686	0.00013869009073472167
1687	0.00013869009073472167
1688	0.0006597249707284158
1689	0.00023324800026007972
1690	0.00013869009073472167
1691	0.00039227481456759704
1692	0.000463738267875727
1693	0.00023324800026007972
1694	0.00023324800026007972
1695	0.0005316904626134415
1696	0.00013869009073472167
1697	0.00013869009073472167
1698	0.00039227481456759704
1699	0.00031614504055949645
1700	0.00013869009073472167
1701	0.00023324800026007972
1702	0.00013869009073472167
1703	0.00023324800026007972
1704	0.00039227481456759704
1705	0.00013869009073472167
1706	0.00031614504055949645
1707	0.00023324800026007972
1708	0.00031614504055949645
1709	0.00031614504055949645
1710	0.00031614504055949645
1711	0.00031614504055949645
1712	0.00013869009073472167
1713	0.0005968551730080996
1714	0.00013869009073472167
1715	0.0005968551730080996
1716	0.0005968551730080996
1717	0.00039227481456759704
1718	0.00031614504055949645
1719	0.0008941932080724643
1720	0.00031614504055949645
1721	0.0005316904626134415
1722	0.00031614504055949645
1723	0.00031614504055949645
1724	0.00013869009073472167
1725	0.00039227481456759704
1726	0.00031614504055949645
1727	0.00031614504055949645
1728	0.00039227481456759704
1729	0.000463738267875727
1730	0.0005316904626134415
1731	0.000463738267875727
1732	0.0007799116941453314
1733	0.00023324800026007972
1734	0.00023324800026007972
1735	0.00039227481456759704
1736	0.0008941932080724643
1737	0.00023324800026007972
1738	0.0005316904626134415
1739	0.00039227481456759704
1740	0.00023324800026007972
1741	0.00013869009073472167
1742	0.0006597249707284158
1743	0.00013869009073472167
1744	0.00023324800026007972
1745	0.00031614504055949645
1746	0.00031614504055949645
1747	0.00023324800026007972
1748	0.00039227481456759704
1749	0.00031614504055949645
1750	0.0005316904626134415
1751	0.0007206548509766267
1752	0.000463738267875727
1753	0.00013869009073472167
1754	0.0005968551730080996
1755	0.00031614504055949645
1756	0.001003786750816293
1757	0.00031614504055949645
1758	0.00023324800026007972
1759	0.00023324800026007972
1760	0.00031614504055949645
1761	0.00031614504055949645
1762	0.000463738267875727
1763	0.00031614504055949645
1764	0.0005968551730080996
1765	0.0005968551730080996
1766	0.00031614504055949645
1767	0.000463738267875727
1768	0.000463738267875727
1769	0.00031614504055949645
1770	0.000463738267875727
1771	0.00039227481456759704
1772	0.00023324800026007972
1773	0.00023324800026007972
1774	0.00013869009073472167
1775	0.00039227481456759704
1776	0.0006597249707284158
1777	0.0006597249707284158
1778	0.000463738267875727
1779	0.00023324800026007972
1780	0.00023324800026007972
1781	0.000463738267875727
1782	0.00039227481456759704
1783	0.00039227481456759704
1784	0.00039227481456759704
1785	0.00013869009073472167
1786	0.00023324800026007972
1787	0.00023324800026007972
1788	0.00031614504055949645
1789	0.00031614504055949645
1790	0.00039227481456759704
1791	0.00031614504055949645
1792	0.0008377027596680475
1793	0.00013869009073472167
1794	0.00023324800026007972
1795	0.0005968551730080996
1796	0.00031614504055949645
1797	0.0005968551730080996
1798	0.0005316904626134415
1799	0.0005968551730080996
1800	0.00039227481456759704
1801	0.00031614504055949645
1802	0.0005316904626134415
1803	0.00039227481456759704
1804	0.00023324800026007972
1805	0.00013869009073472167
1806	0.00031614504055949645
1807	0.00039227481456759704
1808	0.00023324800026007972
1809	0.00039227481456759704
1810	0.0005316904626134415
1811	0.000463738267875727
1812	0.00031614504055949645
1813	0.00023324800026007972
1814	0.0005968551730080996
1815	0.0005316904626134415
1816	0.00023324800026007972
1817	0.00039227481456759704
1818	0.0005968551730080996
1819	0.0008941932080724643
1820	0.00023324800026007972
1821	0.00013869009073472167
1822	0.00013869009073472167
1823	0.00039227481456759704
1824	0.0011095207258777734
1825	0.00013869009073472167
1826	0.00013869009073472167
1827	0.000463738267875727
1828	0.00031614504055949645
1829	0.00031614504055949645
1830	0.00039227481456759704
1831	0.00013869009073472167
1832	0.0005316904626134415
1833	0.0005316904626134415
1834	0.00031614504055949645
1835	0.0012621490158738514
1836	0.00023324800026007972
1837	0.00023324800026007972
1838	0.000463738267875727
1839	0.00023324800026007972
1840	0.00039227481456759704
1841	0.00039227481456759704
1842	0.00039227481456759704
1843	0.0005968551730080996
1844	0.0005316904626134415
1845	0.00023324800026007972
1846	0.00023324800026007972
1847	0.00023324800026007972
1848	0.00013869009073472167
1849	0.00031614504055949645
1850	0.0005968551730080996
1851	0.00023324800026007972
1852	0.00023324800026007972
1853	0.00031614504055949645
1854	0.00013869009073472167
1855	0.00039227481456759704
1856	0.000463738267875727
1857	0.0005968551730080996
1858	0.00039227481456759704
1859	0.00013869009073472167
1860	0.00013869009073472167
1861	0.00023324800026007972
1862	0.000463738267875727
1863	0.00023324800026007972
1864	0.00013869009073472167
1865	0.00013869009073472167
1866	0.00013869009073472167
1867	0.00031614504055949645
1868	0.00031614504055949645
1869	0.00023324800026007972
1870	0.00023324800026007972
1871	0.00013869009073472167
1872	0.00013869009073472167
1873	0.0005316904626134415
1874	0.00031614504055949645
1875	0.00023324800026007972
1876	0.00031614504055949645
1877	0.00023324800026007972
1878	0.00013869009073472167
1879	0.0005968551730080996
1880	0.00013869009073472167
1881	0.00039227481456759704
1882	0.00023324800026007972
1883	0.0005316904626134415
1884	0.00013869009073472167
1885	0.00023324800026007972
1886	0.00023324800026007972
1887	0.00031614504055949645
1888	0.00013869009073472167
1889	0.00023324800026007972
1890	0.00013869009073472167
1891	0.0008941932080724643
1892	0.00039227481456759704
1893	0.000463738267875727
1894	0.00031614504055949645
1895	0.00023324800026007972
1896	0.00023324800026007972
1897	0.000463738267875727
1898	0.00013869009073472167
1899	0.00031614504055949645
1900	0.00031614504055949645
1901	0.00013869009073472167
1902	0.00013869009073472167
1903	0.00013869009073472167
1904	0.00031614504055949645
1905	0.00023324800026007972
1906	0.00013869009073472167
1907	0.000463738267875727
1908	0.00039227481456759704
1909	0.00031614504055949645
1910	0.00031614504055949645
1911	0.00023324800026007972
1912	0.00023324800026007972
1913	0.00023324800026007972
1914	0.00023324800026007972
1915	0.0005316904626134415
1916	0.00039227481456759704
1917	0.00039227481456759704
1918	0.00023324800026007972
1919	0.00013869009073472167
1920	0.00013869009073472167
1921	0.00023324800026007972
1922	0.00023324800026007972
1923	0.00023324800026007972
1924	0.000463738267875727
1925	0.00023324800026007972
1926	0.00023324800026007972
1927	0.00039227481456759704
1928	0.00013869009073472167
1929	0.00031614504055949645
1930	0.00031614504055949645
1931	0.00023324800026007972
1932	0.00039227481456759704
1933	0.00023324800026007972
1934	0.000463738267875727
1935	0.00031614504055949645
1936	0.00023324800026007972
1937	0.00039227481456759704
1938	0.00039227481456759704
1939	0.00023324800026007972
1940	0.00031614504055949645
1941	0.000463738267875727
1942	0.0007206548509766267
1943	0.000463738267875727
1944	0.00023324800026007972
1945	0.00023324800026007972
1946	0.0005316904626134415
1947	0.00023324800026007972
1948	0.00039227481456759704
1949	0.00039227481456759704
1950	0.0005968551730080996
1951	0.00039227481456759704
1952	0.0006597249707284158
1953	0.00031614504055949645
1954	0.000463738267875727
1955	0.00039227481456759704
1956	0.00013869009073472167
1957	0.00031614504055949645
1958	0.00031614504055949645
1959	0.0008941932080724643
1960	0.00013869009073472167
1961	0.00023324800026007972
1962	0.00031614504055949645
1963	0.0008377027596680475
1964	0.00023324800026007972
1965	0.00023324800026007972
1966	0.00039227481456759704
1967	0.00031614504055949645
1968	0.00039227481456759704
1969	0.00013869009073472167
1970	0.00023324800026007972
1971	0.00023324800026007972
1972	0.0006597249707284158
1973	0.00013869009073472167
1974	0.00023324800026007972
1975	0.00031614504055949645
1976	0.0005968551730080996
1977	0.00023324800026007972
1978	0.00031614504055949645
1979	0.000463738267875727
1980	0.00031614504055949645
1981	0.0006597249707284158
1982	0.00031614504055949645
1983	0.00013869009073472167
1984	0.00013869009073472167
1985	0.00039227481456759704
1986	0.00023324800026007972
1987	0.00023324800026007972
1988	0.0005316904626134415
1989	0.00023324800026007972
1990	0.0005968551730080996
1991	0.00031614504055949645
1992	0.00023324800026007972
1993	0.00031614504055949645
1994	0.00013869009073472167
1995	0.00013869009073472167
1996	0.00013869009073472167
1997	0.00013869009073472167
1998	0.00013869009073472167
1999	0.00023324800026007972
2000	0.00013869009073472167
2001	0.00023324800026007972
2002	0.00031614504055949645
2003	0.00013869009073472167
2004	0.00039227481456759704
2005	0.00023324800026007972
2006	0.000463738267875727
2007	0.00023324800026007972
2008	0.00039227481456759704
2009	0.0008941932080724643
2010	0.00031614504055949645
2011	0.00031614504055949645
2012	0.0005316904626134415
2013	0.000463738267875727
2014	0.00031614504055949645
2015	0.000463738267875727
2016	0.00039227481456759704
2017	0.00023324800026007972
2018	0.00013869009073472167
2019	0.000463738267875727
2020	0.00031614504055949645
2021	0.00023324800026007972
2022	0.00031614504055949645
2023	0.00039227481456759704
2024	0.00031614504055949645
2025	0.00023324800026007972
2026	0.00013869009073472167
2027	0.00023324800026007972
2028	0.00031614504055949645
2029	0.00013869009073472167
2030	0.00023324800026007972
2031	0.0005316904626134415
2032	0.00031614504055949645
2033	0.00023324800026007972
2034	0.00023324800026007972
2035	0.000463738267875727
2036	0.00031614504055949645
2037	0.00013869009073472167
2038	0.00039227481456759704
2039	0.00039227481456759704
2040	0.00039227481456759704
2041	0.00023324800026007972
2042	0.000463738267875727
2043	0.00023324800026007972
2044	0.0005968551730080996
2045	0.00013869009073472167
2046	0.00013869009073472167
2047	0.00023324800026007972
2048	0.00023324800026007972
2049	0.00023324800026007972
2050	0.00013869009073472167
2051	0.00013869009073472167
2052	0.00013869009073472167
2053	0.00013869009073472167
2054	0.00031614504055949645
2055	0.0007799116941453314
2056	0.00023324800026007972
2057	0.000463738267875727
2058	0.000463738267875727
2059	0.00031614504055949645
2060	0.00023324800026007972
2061	0.00023324800026007972
2062	0.00023324800026007972
2063	0.0005968551730080996
2064	0.00031614504055949645
2065	0.00013869009073472167
2066	0.00031614504055949645
2067	0.00023324800026007972
2068	0.00031614504055949645
2069	0.00023324800026007972
2070	0.00031614504055949645
2071	0.000463738267875727
2072	0.00023324800026007972
2073	0.0005316904626134415
2074	0.00039227481456759704
2075	0.00031614504055949645
2076	0.00031614504055949645
2077	0.00013869009073472167
2078	0.00013869009073472167
2079	0.0005968551730080996
2080	0.00031614504055949645
2081	0.00023324800026007972
2082	0.00023324800026007972
2083	0.00023324800026007972
2084	0.00013869009073472167
2085	0.00039227481456759704
2086	0.000463738267875727
2087	0.00023324800026007972
2088	0.00023324800026007972
2089	0.00013869009073472167
2090	0.00031614504055949645
2091	0.00031614504055949645
2092	0.00013869009073472167
2093	0.00031614504055949645
2094	0.00013869009073472167
2095	0.00023324800026007972
2096	0.00031614504055949645
2097	0.00031614504055949645
2098	0.00031614504055949645
2099	0.00039227481456759704
2100	0.00031614504055949645
2101	0.001456603366290865
2102	0.00023324800026007972
2103	0.00023324800026007972
2104	0.00023324800026007972
2105	0.000463738267875727
2106	0.00039227481456759704
2107	0.00023324800026007972
2108	0.00023324800026007972
2109	0.00013869009073472167
2110	0.00013869009073472167
2111	0.00023324800026007972
2112	0.00039227481456759704
2113	0.00013869009073472167
2114	0.00039227481456759704
2115	0.00013869009073472167
2116	0.00013869009073472167
2117	0.00013869009073472167
2118	0.00013869009073472167
2119	0.00031614504055949645
2120	0.00031614504055949645
2121	0.00031614504055949645
2122	0.00013869009073472167
2123	0.00013869009073472167
2124	0.00013869009073472167
2125	0.00031614504055949645
2126	0.00013869009073472167
2127	0.00031614504055949645
2128	0.00023324800026007972
2129	0.00013869009073472167
2130	0.00031614504055949645
2131	0.00031614504055949645
2132	0.0005316904626134415
2133	0.000463738267875727
2134	0.00013869009073472167
2135	0.00013869009073472167
2136	0.0005316904626134415
2137	0.0005968551730080996
2138	0.0005316904626134415
2139	0.00013869009073472167
2140	0.00013869009073472167
2141	0.00031614504055949645
2142	0.00013869009073472167
2143	0.00031614504055949645
2144	0.00013869009073472167
2145	0.00013869009073472167
2146	0.00023324800026007972
2147	0.00031614504055949645
2148	0.00031614504055949645
2149	0.000463738267875727
2150	0.00013869009073472167
2151	0.00013869009073472167
2152	0.00013869009073472167
2153	0.00013869009073472167
2154	0.00023324800026007972
2155	0.00013869009073472167
2156	0.00023324800026007972
2157	0.0005316904626134415
2158	0.00031614504055949645
2159	0.00023324800026007972
2160	0.00039227481456759704
2161	0.0005968551730080996
2162	0.0007799116941453314
2163	0.000463738267875727
2164	0.00039227481456759704
2165	0.00031614504055949645
2166	0.00013869009073472167
2167	0.00031614504055949645
2168	0.00023324800026007972
2169	0.00039227481456759704
2170	0.00039227481456759704
2171	0.000463738267875727
2172	0.00023324800026007972
2173	0.000463738267875727
2174	0.00023324800026007972
2175	0.00013869009073472167
2176	0.00013869009073472167
2177	0.00023324800026007972
2178	0.00013869009073472167
2179	0.00023324800026007972
2180	0.00013869009073472167
2181	0.00013869009073472167
2182	0.00013869009073472167
2183	0.00013869009073472167
2184	0.00013869009073472167
2185	0.00013869009073472167
2186	0.00031614504055949645
2187	0.0005316904626134415
2188	0.00039227481456759704
2189	0.00013869009073472167
2190	0.00013869009073472167
2191	0.00013869009073472167
2192	0.00013869009073472167
2193	0.00031614504055949645
2194	0.00013869009073472167
2195	0.00013869009073472167
2196	0.000463738267875727
2197	0.00023324800026007972
2198	0.00023324800026007972
2199	0.00013869009073472167
2200	0.00013869009073472167
2201	0.000463738267875727
2202	0.00023324800026007972
2203	0.000463738267875727
2204	0.00013869009073472167
2205	0.00013869009073472167
2206	0.00023324800026007972
2207	0.00023324800026007972
2208	0.00023324800026007972
2209	0.00023324800026007972
2210	0.00023324800026007972
2211	0.00039227481456759704
2212	0.0005316904626134415
2213	0.00023324800026007972
2214	0.00039227481456759704
2215	0.00013869009073472167
2216	0.00013869009073472167
2217	0.00023324800026007972
2218	0.00013869009073472167
2219	0.00023324800026007972
2220	0.00023324800026007972
2221	0.00023324800026007972
2222	0.00013869009073472167
2223	0.00013869009073472167
2224	0.00013869009073472167
2225	0.00013869009073472167
2226	0.00031614504055949645
2227	0.00023324800026007972
2228	0.00013869009073472167
2229	0.00013869009073472167
2230	0.00013869009073472167
2231	0.00031614504055949645
2232	0.00031614504055949645
2233	0.00039227481456759704
2234	0.00039227481456759704
2235	0.00023324800026007972
2236	0.00013869009073472167
2237	0.00013869009073472167
2238	0.000463738267875727
2239	0.00023324800026007972
2240	0.00013869009073472167
2241	0.00023324800026007972
2242	0.00039227481456759704
2243	0.00013869009073472167
2244	0.000463738267875727
2245	0.00023324800026007972
2246	0.00031614504055949645
2247	0.00013869009073472167
2248	0.00013869009073472167
2249	0.00013869009073472167
2250	0.00013869009073472167
2251	0.00013869009073472167
2252	0.00039227481456759704
2253	0.00039227481456759704
2254	0.00013869009073472167
2255	0.000463738267875727
2256	0.00013869009073472167
2257	0.00023324800026007972
2258	0.000463738267875727
2259	0.00031614504055949645
2260	0.00013869009073472167
2261	0.00031614504055949645
2262	0.00023324800026007972
2263	0.00023324800026007972
2264	0.00023324800026007972
2265	0.00031614504055949645
2266	0.00013869009073472167
2267	0.00023324800026007972
2268	0.00031614504055949645
2269	0.00013869009073472167
2270	0.00013869009073472167
2271	0.00023324800026007972
2272	0.00013869009073472167
2273	0.00013869009073472167
2274	0.00023324800026007972
2275	0.00023324800026007972
2276	0.00031614504055949645
2277	0.0005316904626134415
2278	0.00023324800026007972
2279	0.000463738267875727
2280	0.00031614504055949645
2281	0.00031614504055949645
2282	0.00039227481456759704
2283	0.00039227481456759704
2284	0.00023324800026007972
2285	0.00023324800026007972
2286	0.00039227481456759704
2287	0.00013869009073472167
2288	0.00013869009073472167
2289	0.00023324800026007972
2290	0.00023324800026007972
2291	0.00013869009073472167
2292	0.00013869009073472167
2293	0.00013869009073472167
2294	0.00039227481456759704
2295	0.00031614504055949645
2296	0.00031614504055949645
2297	0.00039227481456759704
2298	0.00039227481456759704
2299	0.00023324800026007972
2300	0.00013869009073472167
2301	0.00023324800026007972
2302	0.00039227481456759704
2303	0.00023324800026007972
2304	0.0005316904626134415
2305	0.00013869009073472167
2306	0.00013869009073472167
2307	0.00023324800026007972
2308	0.00013869009073472167
2309	0.00013869009073472167
2310	0.00023324800026007972
2311	0.00031614504055949645
2312	0.00013869009073472167
2313	0.00023324800026007972
2314	0.00023324800026007972
2315	0.00013869009073472167
2316	0.00023324800026007972
2317	0.00023324800026007972
2318	0.00031614504055949645
2319	0.00039227481456759704
2320	0.00039227481456759704
2321	0.000463738267875727
2322	0.00013869009073472167
2323	0.00023324800026007972
2324	0.00023324800026007972
2325	0.00023324800026007972
2326	0.00031614504055949645
2327	0.00039227481456759704
2328	0.00013869009073472167
2329	0.00013869009073472167
2330	0.00013869009073472167
2331	0.00013869009073472167
2332	0.00023324800026007972
2333	0.00013869009073472167
2334	0.00023324800026007972
2335	0.00023324800026007972
2336	0.00013869009073472167
2337	0.00013869009073472167
2338	0.000463738267875727
2339	0.00023324800026007972
2340	0.00013869009073472167
2341	0.00031614504055949645
2342	0.00023324800026007972
2343	0.00023324800026007972
2344	0.00031614504055949645
2345	0.00023324800026007972
2346	0.00013869009073472167
2347	0.0005316904626134415
2348	0.00039227481456759704
2349	0.0005316904626134415
2350	0.00013869009073472167
2351	0.0005968551730080996
2352	0.00013869009073472167
2353	0.00013869009073472167
2354	0.00031614504055949645
2355	0.00031614504055949645
2356	0.00023324800026007972
2357	0.00023324800026007972
2358	0.00023324800026007972
2359	0.00013869009073472167
2360	0.00031614504055949645
2361	0.00023324800026007972
2362	0.00013869009073472167
2363	0.00023324800026007972
2364	0.00023324800026007972
2365	0.0007799116941453314
2366	0.00013869009073472167
2367	0.00013869009073472167
2368	0.00031614504055949645
2369	0.00013869009073472167
2370	0.00031614504055949645
2371	0.00023324800026007972
2372	0.00013869009073472167
2373	0.00039227481456759704
2374	0.0005316904626134415
2375	0.00013869009073472167
2376	0.00023324800026007972
2377	0.00013869009073472167
2378	0.00023324800026007972
2379	0.00023324800026007972
2380	0.00031614504055949645
2381	0.00031614504055949645
2382	0.00013869009073472167
2383	0.00013869009073472167
2384	0.00013869009073472167
2385	0.00031614504055949645
2386	0.00013869009073472167
2387	0.00013869009073472167
2388	0.00023324800026007972
2389	0.00013869009073472167
2390	0.00023324800026007972
2391	0.00013869009073472167
2392	0.00013869009073472167
2393	0.0012119921616428903
2394	0.00023324800026007972
2395	0.00023324800026007972
2396	0.00031614504055949645
2397	0.00023324800026007972
2398	0.00031614504055949645
2399	0.00013869009073472167
2400	0.00013869009073472167
2401	0.00023324800026007972
2402	0.00013869009073472167
2403	0.00023324800026007972
2404	0.000463738267875727
2405	0.0005968551730080996
2406	0.00031614504055949645
2407	0.000463738267875727
2408	0.00013869009073472167
2409	0.0007799116941453314
2410	0.00013869009073472167
2411	0.00013869009073472167
2412	0.00013869009073472167
2413	0.00013869009073472167
2414	0.00013869009073472167
2415	0.00013869009073472167
2416	0.00031614504055949645
2417	0.00013869009073472167
2418	0.00013869009073472167
2419	0.00023324800026007972
2420	0.00013869009073472167
2421	0.00013869009073472167
2422	0.00031614504055949645
2423	0.00031614504055949645
2424	0.00023324800026007972
2425	0.00031614504055949645
2426	0.00031614504055949645
2427	0.00031614504055949645
2428	0.00023324800026007972
2429	0.00023324800026007972
2430	0.00023324800026007972
2431	0.00013869009073472167
2432	0.00023324800026007972
2433	0.00013869009073472167
2434	0.00013869009073472167
2435	0.00013869009073472167
2436	0.00023324800026007972
2437	0.00013869009073472167
2438	0.00023324800026007972
2439	0.00013869009073472167
2440	0.00013869009073472167
2441	0.000463738267875727
2442	0.00023324800026007972
2443	0.00013869009073472167
2444	0.00013869009073472167
2445	0.00023324800026007972
2446	0.00031614504055949645
2447	0.00023324800026007972
2448	0.00013869009073472167
2449	0.00013869009073472167
2450	0.00013869009073472167
2451	0.00013869009073472167
2452	0.00013869009073472167
2453	0.00013869009073472167
2454	0.00013869009073472167
2455	0.00013869009073472167
2456	0.00023324800026007972
2457	0.00013869009073472167
2458	0.00013869009073472167
2459	0.00013869009073472167
2460	0.00023324800026007972
2461	0.00013869009073472167
2462	0.00039227481456759704
2463	0.00013869009073472167
2464	0.00031614504055949645
2465	0.00023324800026007972
2466	0.00023324800026007972
2467	0.00031614504055949645
2468	0.00013869009073472167
2469	0.00023324800026007972
2470	0.00013869009073472167
2471	0.00013869009073472167
2472	0.00013869009073472167
2473	0.00013869009073472167
2474	0.00013869009073472167
2475	0.00013869009073472167
2476	0.00013869009073472167
2477	0.00013869009073472167
2478	0.00031614504055949645
2479	0.00023324800026007972
2480	0.00013869009073472167
2481	0.00013869009073472167
2482	0.00013869009073472167
2483	0.00013869009073472167
2484	0.00013869009073472167
2485	0.00013869009073472167
2486	0.00013869009073472167
2487	0.00023324800026007972
2488	0.00013869009073472167
2489	0.00023324800026007972
2490	0.00023324800026007972
2491	0.00013869009073472167
2492	0.00013869009073472167
2493	0.00013869009073472167
2494	0.00013869009073472167
2495	0.00013869009073472167
2496	0.00013869009073472167
2497	0.00023324800026007972
2498	0.00023324800026007972
2499	0.00031614504055949645
2500	0.00039227481456759704
2501	0.00031614504055949645
2502	0.000463738267875727
2503	0.00013869009073472167
2504	0.00013869009073472167
2505	0.00013869009073472167
2506	0.00031614504055949645
2507	0.00013869009073472167
2508	0.00023324800026007972
2509	0.00013869009073472167
2510	0.00023324800026007972
2511	0.00023324800026007972
2512	0.00039227481456759704
2513	0.00013869009073472167
2514	0.00013869009073472167
2515	0.00031614504055949645
2516	0.00013869009073472167
2517	0.00023324800026007972
2518	0.00039227481456759704
2519	0.00013869009073472167
2520	0.00031614504055949645
2521	0.00013869009073472167
2522	0.00031614504055949645
2523	0.00023324800026007972
2524	0.00013869009073472167
2525	0.000463738267875727
2526	0.00013869009073472167
2527	0.00023324800026007972
2528	0.00031614504055949645
2529	0.00013869009073472167
2530	0.00031614504055949645
2531	0.00013869009073472167
2532	0.00023324800026007972
2533	0.00023324800026007972
2534	0.00031614504055949645
2535	0.00039227481456759704
2536	0.00039227481456759704
2537	0.00031614504055949645
2538	0.00031614504055949645
2539	0.00013869009073472167
2540	0.00023324800026007972
2541	0.00013869009073472167
2542	0.00031614504055949645
2543	0.00023324800026007972
2544	0.00013869009073472167
2545	0.00031614504055949645
2546	0.00031614504055949645
2547	0.00013869009073472167
2548	0.00013869009073472167
2549	0.00023324800026007972
2550	0.00023324800026007972
2551	0.00013869009073472167
2552	0.00013869009073472167
2553	0.00013869009073472167
2554	0.00013869009073472167
2555	0.00013869009073472167
2556	0.00023324800026007972
2557	0.00031614504055949645
2558	0.00013869009073472167
2559	0.00013869009073472167
2560	0.00013869009073472167
2561	0.00013869009073472167
2562	0.00013869009073472167
2563	0.00013869009073472167
2564	0.00013869009073472167
2565	0.00013869009073472167
2566	0.00013869009073472167
2567	0.00013869009073472167
2568	0.00013869009073472167
2569	0.00013869009073472167
2570	0.00013869009073472167
2571	0.00039227481456759704
2572	0.00023324800026007972
2573	0.00023324800026007972
2574	0.00031614504055949645
2575	0.00031614504055949645
2576	0.00023324800026007972
2577	0.00013869009073472167
2578	0.00013869009073472167
2579	0.00023324800026007972
2580	0.00023324800026007972
2581	0.00023324800026007972
2582	0.000463738267875727
2583	0.0005968551730080996
2584	0.0005316904626134415
2585	0.00013869009073472167
2586	0.00013869009073472167
2587	0.00031614504055949645
2588	0.00013869009073472167
2589	0.00031614504055949645
2590	0.00013869009073472167
2591	0.0005968551730080996
2592	0.00031614504055949645
2593	0.00031614504055949645
2594	0.00013869009073472167
2595	0.00031614504055949645
2596	0.001003786750816293
2597	0.00013869009073472167
2598	0.00039227481456759704
2599	0.00023324800026007972
2600	0.0006597249707284158
2601	0.00039227481456759704
2602	0.00039227481456759704
2603	0.00031614504055949645
2604	0.00039227481456759704
2605	0.00039227481456759704
2606	0.00023324800026007972
2607	0.00023324800026007972
2608	0.00023324800026007972
2609	0.00013869009073472167
2610	0.00013869009073472167
2611	0.00023324800026007972
2612	0.00023324800026007972
2613	0.00031614504055949645
2614	0.000463738267875727
2615	0.0005968551730080996
2616	0.00023324800026007972
2617	0.00013869009073472167
2618	0.00013869009073472167
2619	0.00013869009073472167
2620	0.000463738267875727
2621	0.00013869009073472167
2622	0.00023324800026007972
2623	0.00023324800026007972
2624	0.00039227481456759704
2625	0.00023324800026007972
2626	0.00013869009073472167
2627	0.00023324800026007972
2628	0.00013869009073472167
2629	0.00013869009073472167
2630	0.00013869009073472167
2631	0.00013869009073472167
2632	0.00039227481456759704
2633	0.00023324800026007972
2634	0.00013869009073472167
2635	0.00039227481456759704
2636	0.00023324800026007972
2637	0.000463738267875727
2638	0.00023324800026007972
2639	0.00031614504055949645
2640	0.00013869009073472167
2641	0.00013869009073472167
2642	0.00023324800026007972
2643	0.00013869009073472167
2644	0.00013869009073472167
2645	0.00023324800026007972
2646	0.00031614504055949645
2647	0.00013869009073472167
2648	0.00013869009073472167
2649	0.00013869009073472167
2650	0.00013869009073472167
2651	0.00013869009073472167
2652	0.00013869009073472167
2653	0.00039227481456759704
2654	0.00031614504055949645
2655	0.00023324800026007972
2656	0.00023324800026007972
2657	0.00023324800026007972
2658	0.00023324800026007972
2659	0.00013869009073472167
2660	0.00013869009073472167
2661	0.00013869009073472167
2662	0.00013869009073472167
2663	0.00013869009073472167
2664	0.00013869009073472167
2665	0.00013869009073472167
2666	0.00013869009073472167
2667	0.00013869009073472167
2668	0.00013869009073472167
2669	0.00023324800026007972
2670	0.00013869009073472167
2671	0.00023324800026007972
2672	0.00013869009073472167
2673	0.00013869009073472167
2674	0.00013869009073472167
2675	0.00023324800026007972
2676	0.00013869009073472167
2677	0.00023324800026007972
2678	0.00031614504055949645
2679	0.00013869009073472167
2680	0.00013869009073472167
2681	0.00013869009073472167
2682	0.0007206548509766267
2683	0.00023324800026007972
2684	0.00013869009073472167
2685	0.00039227481456759704
2686	0.00039227481456759704
2687	0.00013869009073472167
2688	0.00013869009073472167
2689	0.00031614504055949645
2690	0.00013869009073472167
2691	0.00039227481456759704
2692	0.00031614504055949645
2693	0.00023324800026007972
2694	0.00013869009073472167
2695	0.00013869009073472167
2696	0.00013869009073472167
2697	0.00013869009073472167
2698	0.00013869009073472167
2699	0.00013869009073472167
2700	0.00013869009073472167
2701	0.00013869009073472167
2702	0.00013869009073472167
2703	0.00013869009073472167
2704	0.00039227481456759704
2705	0.00039227481456759704
2706	0.00039227481456759704
2707	0.00023324800026007972
