0	0.006719129408928493
1	0.0004745888970284901
2	0.0005610480838634584
3	0.0009435666450114951
4	0.00038248421904308585
5	0.0005610480838634584
6	0.000282192246523787
7	0.000282192246523787
8	0.0004745888970284901
10	0.00038248421904308585
12	0.00038248421904308585
14	0.0004745888970284901
15	0.0004745888970284901
16	0.000282192246523787
17	0.00038248421904308585
18	0.000282192246523787
21	0.0004745888970284901
22	0.00038248421904308585
23	0.00038248421904308585
24	0.00016779251368234473
25	0.000282192246523787
26	0.000282192246523787
27	0.000282192246523787
28	0.000282192246523787
31	0.0004745888970284901
32	0.00016779251368234473
34	0.0004745888970284901
35	0.00038248421904308585
36	0.000282192246523787
37	0.000282192246523787
38	0.000282192246523787
39	0.000282192246523787
40	0.000282192246523787
41	0.00016779251368234473
42	0.0004745888970284901
43	0.00016779251368234473
44	0.000282192246523787
46	0.0005610480838634584
48	0.0004745888970284901
50	0.0004745888970284901
51	0.0004745888970284901
52	0.0016460273659095392
53	0.0004745888970284901
54	0.0005610480838634584
56	0.000282192246523787
57	0.00038248421904308585
58	0.000282192246523787
59	0.000282192246523787
60	0.0010818287399288274
61	0.0005610480838634584
62	0.000282192246523787
64	0.0005610480838634584
65	0.0004745888970284901
66	0.0007981602044609431
68	0.0005610480838634584
69	0.0006432592173688949
70	0.000282192246523787
72	0.00038248421904308585
73	0.000282192246523787
75	0.00038248421904308585
77	0.00016779251368234473
78	0.00038248421904308585
80	0.0004745888970284901
81	0.00038248421904308585
82	0.0004745888970284901
83	0.0006432592173688949
84	0.0007981602044609431
85	0.000282192246523787
86	0.0006432592173688949
87	0.00038248421904308585
88	0.0004745888970284901
89	0.0005610480838634584
90	0.0005610480838634584
91	0.0006432592173688949
92	0.00038248421904308585
94	0.0006432592173688949
95	0.0009435666450114951
96	0.0012144191501226884
97	0.0004745888970284901
98	0.000282192246523787
99	0.0009435666450114951
100	0.00038248421904308585
101	0.00038248421904308585
102	0.000282192246523787
103	0.00038248421904308585
104	0.000282192246523787
105	0.000282192246523787
106	0.0004745888970284901
108	0.0004745888970284901
109	0.0006432592173688949
110	0.0008718754764825513
112	0.0007981602044609431
113	0.000282192246523787
114	0.0006432592173688949
115	0.00038248421904308585
116	0.000282192246523787
117	0.000282192246523787
118	0.00038248421904308585
120	0.0006432592173688949
121	0.0004745888970284901
122	0.000282192246523787
123	0.00038248421904308585
124	0.0004745888970284901
125	0.000282192246523787
126	0.0004745888970284901
127	0.0004745888970284901
129	0.0004745888970284901
130	0.0004745888970284901
133	0.0004745888970284901
134	0.00038248421904308585
135	0.00016779251368234473
136	0.00038248421904308585
137	0.000282192246523787
140	0.00038248421904308585
141	0.00016779251368234473
142	0.0004745888970284901
143	0.00016779251368234473
144	0.0006432592173688949
145	0.00016779251368234473
146	0.00038248421904308585
148	0.0006432592173688949
149	0.0004745888970284901
150	0.000282192246523787
151	0.0005610480838634584
153	0.00016779251368234473
154	0.000282192246523787
155	0.00038248421904308585
156	0.0004745888970284901
157	0.000282192246523787
158	0.000282192246523787
159	0.00038248421904308585
160	0.0009435666450114951
161	0.0011487620882874312
162	0.0006432592173688949
163	0.0007220979469607292
164	0.0019319798440405442
166	0.000282192246523787
2374	0.0005610480838634584
325	0.0004745888970284901
330	0.000282192246523787
387	0.00038248421904308585
392	0.000282192246523787
1640	0.000282192246523787
2156	0.000282192246523787
47	0.00038248421904308585
2157	0.0004745888970284901
1948	0.00038248421904308585
111	0.0008718754764825513
2090	0.00038248421904308585
714	0.0033424729407597552
1754	0.0007220979469607292
93	0.00038248421904308585
223	0.0019874463014277846
1547	0.0008718754764825513
1551	0.0007220979469607292
9	0.0004745888970284901
1784	0.00038248421904308585
1946	0.0006432592173688949
1497	0.0005610480838634584
74	0.0004745888970284901
2413	0.00016779251368234473
11	0.00016779251368234473
2231	0.000282192246523787
1952	0.0006432592173688949
71	0.0010134844603439928
13	0.00016779251368234473
2468	0.00016779251368234473
1351	0.0008718754764825513
2101	0.001586883618686281
1337	0.00038248421904308585
1342	0.0007220979469607292
946	0.0006432592173688949
2203	0.0005610480838634584
490	0.00038248421904308585
2408	0.00016779251368234473
19	0.000282192246523787
20	0.00016779251368234473
1976	0.0004745888970284901
2387	0.00016779251368234473
2501	0.00038248421904308585
2539	0.00016779251368234473
1315	0.0007220979469607292
2137	0.0006432592173688949
29	0.000282192246523787
1959	0.0009435666450114951
30	0.00038248421904308585
1297	0.0006432592173688949
138	0.00038248421904308585
33	0.00016779251368234473
2268	0.00038248421904308585
2424	0.000282192246523787
2447	0.000282192246523787
2436	0.000282192246523787
2318	0.00038248421904308585
45	0.00016779251368234473
2252	0.00038248421904308585
107	0.0007220979469607292
1663	0.0007981602044609431
2534	0.00038248421904308585
301	0.0004745888970284901
49	0.00016779251368234473
167	0.00038248421904308585
2138	0.0005610480838634584
261	0.0038853534431852943
1308	0.00016779251368234473
1309	0.0004745888970284901
1310	0.00038248421904308585
1311	0.0004745888970284901
1312	0.0007220979469607292
55	0.0004745888970284901
1313	0.000282192246523787
1314	0.0005610480838634584
1317	0.00038248421904308585
1318	0.00038248421904308585
1319	0.0004745888970284901
1030	0.0004745888970284901
956	0.0007981602044609431
192	0.0007981602044609431
1857	0.0005610480838634584
854	0.0020424014199072623
132	0.00016779251368234473
1806	0.00038248421904308585
1391	0.00016779251368234473
462	0.00016779251368234473
463	0.000282192246523787
465	0.00038248421904308585
466	0.00038248421904308585
551	0.0012144191501226884
1148	0.0004745888970284901
1151	0.000282192246523787
578	0.0004745888970284901
1755	0.000282192246523787
63	0.000282192246523787
2344	0.00038248421904308585
1855	0.000282192246523787
1856	0.0004745888970284901
493	0.00038248421904308585
311	0.00038248421904308585
495	0.000282192246523787
496	0.00038248421904308585
475	0.000282192246523787
315	0.00038248421904308585
67	0.0005610480838634584
1168	0.0006432592173688949
2333	0.00016779251368234473
1170	0.00038248421904308585
1340	0.0004745888970284901
1852	0.000282192246523787
524	0.00038248421904308585
314	0.0005610480838634584
152	0.00016779251368234473
2372	0.00016779251368234473
1683	0.00016779251368234473
1951	0.00038248421904308585
2099	0.0004745888970284901
2412	0.00016779251368234473
1810	0.0004745888970284901
1954	0.0004745888970284901
1452	0.00016779251368234473
2385	0.00038248421904308585
76	0.00038248421904308585
346	0.0019874463014277846
363	0.000282192246523787
79	0.000282192246523787
760	0.0017044708992372181
1120	0.0017622538061179663
1171	0.000282192246523787
1172	0.000282192246523787
384	0.00038248421904308585
1639	0.00016779251368234473
406	0.0004745888970284901
414	0.00038248421904308585
1660	0.00038248421904308585
2530	0.00038248421904308585
2174	0.000282192246523787
147	0.000282192246523787
1682	0.00038248421904308585
1972	0.0006432592173688949
2438	0.00016779251368234473
2445	0.000282192246523787
2446	0.00038248421904308585
1354	0.0005610480838634584
165	0.000282192246523787
1736	0.0006432592173688949
1769	0.00016779251368234473
1770	0.0005610480838634584
1807	0.00038248421904308585
1808	0.000282192246523787
1809	0.00038248421904308585
1811	0.0004745888970284901
1812	0.00016779251368234473
259	0.0005610480838634584
1813	0.00016779251368234473
1814	0.0004745888970284901
1988	0.0006432592173688949
1888	0.00016779251368234473
2359	0.00016779251368234473
2261	0.00038248421904308585
2499	0.000282192246523787
1353	0.000282192246523787
2502	0.0005610480838634584
2234	0.00038248421904308585
2503	0.00016779251368234473
2105	0.0004745888970284901
1938	0.00038248421904308585
1939	0.000282192246523787
1941	0.0004745888970284901
1942	0.0007220979469607292
1943	0.0005610480838634584
1944	0.000282192246523787
1945	0.000282192246523787
1553	0.00038248421904308585
1947	0.000282192246523787
1949	0.00038248421904308585
2373	0.000282192246523787
1175	0.000282192246523787
2370	0.000282192246523787
119	0.00016779251368234473
2528	0.000282192246523787
2253	0.000282192246523787
2529	0.00016779251368234473
2423	0.000282192246523787
1355	0.0004745888970284901
2531	0.00016779251368234473
2535	0.000282192246523787
128	0.000282192246523787
2544	0.00016779251368234473
2136	0.0005610480838634584
2542	0.00016779251368234473
131	0.0005610480838634584
1873	0.0005610480838634584
2441	0.0005610480838634584
1992	0.000282192246523787
1485	0.0005610480838634584
1993	0.00038248421904308585
2547	0.00016779251368234473
1282	0.00038248421904308585
139	0.00016779251368234473
1173	0.00038248421904308585
2500	0.00038248421904308585
1963	0.0007981602044609431
2015	0.0005610480838634584
1980	0.000282192246523787
2016	0.00038248421904308585
2028	0.000282192246523787
2674	0.00016779251368234473
1188	0.0005610480838634584
756	0.000282192246523787
2108	0.000282192246523787
2109	0.00016779251368234473
2110	0.00016779251368234473
2255	0.0005610480838634584
2113	0.00016779251368234473
2116	0.00016779251368234473
1484	0.000282192246523787
1483	0.0005610480838634584
2312	0.00016779251368234473
1164	0.000282192246523787
1165	0.000282192246523787
1167	0.00016779251368234473
245	0.00016779251368234473
246	0.000282192246523787
247	0.00038248421904308585
248	0.00016779251368234473
250	0.0004745888970284901
251	0.000282192246523787
216	0.0010134844603439928
252	0.0006432592173688949
253	0.00038248421904308585
254	0.0005610480838634584
255	0.00038248421904308585
257	0.00038248421904308585
258	0.00038248421904308585
262	0.0005610480838634584
263	0.0004745888970284901
264	0.0004745888970284901
212	0.0005610480838634584
168	0.00016779251368234473
169	0.0004745888970284901
2420	0.00016779251368234473
2421	0.00016779251368234473
2422	0.00038248421904308585
170	0.0023625541316492802
171	0.00038248421904308585
172	0.000282192246523787
173	0.000282192246523787
174	0.00038248421904308585
175	0.00038248421904308585
177	0.0004745888970284901
179	0.000282192246523787
181	0.000282192246523787
182	0.000282192246523787
183	0.000282192246523787
185	0.0007220979469607292
186	0.0006432592173688949
187	0.000282192246523787
188	0.00016779251368234473
189	0.0004745888970284901
190	0.0006432592173688949
191	0.0005610480838634584
193	0.0009435666450114951
195	0.0004745888970284901
196	0.0005610480838634584
197	0.0005610480838634584
198	0.0005610480838634584
199	0.00038248421904308585
200	0.0006432592173688949
201	0.00038248421904308585
202	0.0004745888970284901
203	0.00038248421904308585
205	0.0007220979469607292
207	0.000282192246523787
208	0.00016779251368234473
209	0.0004745888970284901
210	0.00038248421904308585
211	0.0005610480838634584
1529	0.0005610480838634584
337	0.0004745888970284901
1284	0.0007981602044609431
974	0.0004745888970284901
176	0.00038248421904308585
938	0.0008718754764825513
936	0.0010818287399288274
178	0.00016779251368234473
180	0.00038248421904308585
943	0.0007981602044609431
1438	0.0005610480838634584
221	0.0004745888970284901
743	0.0004745888970284901
1648	0.0007220979469607292
184	0.0006432592173688949
206	0.0005610480838634584
978	0.0005610480838634584
225	0.00038248421904308585
1670	0.0005610480838634584
226	0.0004745888970284901
227	0.0004745888970284901
1797	0.0007220979469607292
260	0.0007981602044609431
935	0.000282192246523787
448	0.000282192246523787
1451	0.000282192246523787
436	0.00038248421904308585
940	0.0004745888970284901
932	0.00038248421904308585
1661	0.00038248421904308585
1962	0.00038248421904308585
959	0.00038248421904308585
962	0.0005610480838634584
968	0.00038248421904308585
975	0.00038248421904308585
980	0.00038248421904308585
957	0.00038248421904308585
194	0.0004745888970284901
213	0.0009435666450114951
1102	0.000282192246523787
1389	0.0007981602044609431
950	0.0009435666450114951
831	0.00038248421904308585
1672	0.0004745888970284901
1017	0.0004745888970284901
1649	0.000282192246523787
235	0.000282192246523787
865	0.0006432592173688949
872	0.0011487620882874312
1237	0.0010134844603439928
1015	0.0005610480838634584
954	0.00038248421904308585
204	0.00016779251368234473
945	0.0004745888970284901
1668	0.00016779251368234473
272	0.0023102449794681363
1324	0.00016779251368234473
988	0.0006432592173688949
214	0.0005610480838634584
217	0.00016779251368234473
218	0.00038248421904308585
219	0.0006432592173688949
477	0.00038248421904308585
1598	0.00016779251368234473
2291	0.00016779251368234473
215	0.000282192246523787
1835	0.0012144191501226884
1800	0.0004745888970284901
1334	0.00038248421904308585
1016	0.0004745888970284901
964	0.00038248421904308585
353	0.00038248421904308585
942	0.00038248421904308585
222	0.00016779251368234473
1018	0.00038248421904308585
1678	0.00016779251368234473
1628	0.00016779251368234473
941	0.000282192246523787
1655	0.00016779251368234473
220	0.0004745888970284901
971	0.0007981602044609431
958	0.0004745888970284901
982	0.00016779251368234473
397	0.00038248421904308585
983	0.000282192246523787
415	0.00038248421904308585
740	0.0005610480838634584
984	0.0005610480838634584
947	0.00038248421904308585
860	0.0009435666450114951
427	0.0005610480838634584
985	0.0005610480838634584
986	0.00038248421904308585
987	0.0005610480838634584
224	0.00038248421904308585
1651	0.0004745888970284901
446	0.0010134844603439928
1346	0.00016779251368234473
1467	0.0009435666450114951
845	0.0005610480838634584
228	0.000282192246523787
230	0.000282192246523787
526	0.0007981602044609431
229	0.00016779251368234473
814	0.0007220979469607292
231	0.0005610480838634584
232	0.00038248421904308585
233	0.00016779251368234473
234	0.000282192246523787
433	0.0009435666450114951
1607	0.00038248421904308585
1647	0.00038248421904308585
2037	0.00016779251368234473
2073	0.0005610480838634584
236	0.00016779251368234473
237	0.000282192246523787
238	0.0004745888970284901
239	0.00016779251368234473
240	0.00016779251368234473
241	0.00038248421904308585
242	0.0005610480838634584
243	0.000282192246523787
1597	0.000282192246523787
2121	0.00038248421904308585
2009	0.0009435666450114951
1595	0.00038248421904308585
244	0.0012789130664577094
799	0.00038248421904308585
451	0.0005610480838634584
354	0.000282192246523787
1126	0.000282192246523787
1233	0.0005610480838634584
784	0.000282192246523787
361	0.0007981602044609431
1234	0.00016779251368234473
685	0.0004745888970284901
1235	0.00016779251368234473
1236	0.00016779251368234473
781	0.00038248421904308585
811	0.0007220979469607292
249	0.0006432592173688949
961	0.00038248421904308585
963	0.000282192246523787
973	0.00038248421904308585
377	0.0037967111762279206
2301	0.00016779251368234473
2314	0.000282192246523787
1486	0.000282192246523787
1487	0.00038248421904308585
1990	0.0006432592173688949
1546	0.00016779251368234473
744	0.0005610480838634584
1290	0.0004745888970284901
256	0.000282192246523787
2379	0.000282192246523787
2380	0.00038248421904308585
1774	0.00016779251368234473
1508	0.0006432592173688949
933	0.00038248421904308585
856	0.0004745888970284901
934	0.000282192246523787
937	0.00038248421904308585
951	0.00038248421904308585
960	0.00016779251368234473
389	0.0004745888970284901
966	0.00016779251368234473
967	0.000282192246523787
969	0.00038248421904308585
970	0.00038248421904308585
972	0.00016779251368234473
977	0.000282192246523787
981	0.00038248421904308585
525	0.00038248421904308585
1802	0.0004745888970284901
2004	0.00038248421904308585
265	0.0005610480838634584
266	0.00038248421904308585
267	0.0004745888970284901
268	0.00038248421904308585
269	0.0005610480838634584
1617	0.00038248421904308585
271	0.000282192246523787
1599	0.0018759773335464318
1610	0.00038248421904308585
818	0.0020968679353055956
2418	0.00016779251368234473
840	0.0010818287399288274
1382	0.0004745888970284901
2409	0.0008718754764825513
270	0.000282192246523787
2467	0.00038248421904308585
274	0.000282192246523787
275	0.0005610480838634584
276	0.000282192246523787
278	0.00016779251368234473
279	0.00016779251368234473
280	0.00038248421904308585
281	0.000282192246523787
283	0.000282192246523787
284	0.000282192246523787
285	0.000282192246523787
287	0.000282192246523787
288	0.00038248421904308585
289	0.000282192246523787
290	0.00038248421904308585
291	0.0005610480838634584
293	0.000282192246523787
295	0.00038248421904308585
296	0.0005610480838634584
297	0.0005610480838634584
298	0.000282192246523787
299	0.0005610480838634584
300	0.00038248421904308585
306	0.0004745888970284901
307	0.000282192246523787
308	0.00016779251368234473
273	0.00038248421904308585
857	0.0006432592173688949
1863	0.000282192246523787
305	0.00016779251368234473
2247	0.00016779251368234473
303	0.000282192246523787
277	0.00016779251368234473
2195	0.00016779251368234473
619	0.0012789130664577094
626	0.0012144191501226884
2411	0.00016779251368234473
282	0.00038248421904308585
1413	0.0005610480838634584
1788	0.00038248421904308585
2511	0.00016779251368234473
1493	0.0018194118186491879
286	0.0004745888970284901
1089	0.00038248421904308585
1130	0.0014663139254436032
1563	0.0008718754764825513
1618	0.0005610480838634584
1719	0.0010134844603439928
2082	0.000282192246523787
292	0.000282192246523787
1149	0.0004745888970284901
2410	0.00016779251368234473
1646	0.000282192246523787
294	0.00016779251368234473
839	0.00038248421904308585
1695	0.0005610480838634584
1709	0.00038248421904308585
1710	0.000282192246523787
1711	0.00038248421904308585
1496	0.0009435666450114951
906	0.0005610480838634584
1904	0.00038248421904308585
2439	0.00016779251368234473
1582	0.0008718754764825513
302	0.000282192246523787
1974	0.000282192246523787
1975	0.000282192246523787
304	0.00016779251368234473
2317	0.00016779251368234473
2654	0.00038248421904308585
2655	0.000282192246523787
2659	0.00016779251368234473
309	0.0005610480838634584
310	0.0004745888970284901
312	0.000282192246523787
313	0.0004745888970284901
316	0.0006432592173688949
1556	0.0007981602044609431
1507	0.0005610480838634584
484	0.0004745888970284901
320	0.00038248421904308585
499	0.0007220979469607292
633	0.0004745888970284901
634	0.00038248421904308585
635	0.0004745888970284901
321	0.0004745888970284901
1823	0.0004745888970284901
1558	0.00038248421904308585
2071	0.0004745888970284901
317	0.00016779251368234473
318	0.0004745888970284901
1509	0.0006432592173688949
319	0.00038248421904308585
1658	0.00016779251368234473
322	0.00038248421904308585
1659	0.00016779251368234473
323	0.00038248421904308585
1510	0.00038248421904308585
1506	0.0004745888970284901
2188	0.0004745888970284901
324	0.0005610480838634584
326	0.0004745888970284901
327	0.000282192246523787
328	0.00016779251368234473
329	0.000282192246523787
331	0.0004745888970284901
1991	0.00038248421904308585
1984	0.00016779251368234473
332	0.000282192246523787
2323	0.000282192246523787
333	0.0004745888970284901
334	0.00038248421904308585
335	0.00016779251368234473
336	0.00016779251368234473
1143	0.0007981602044609431
1139	0.0004745888970284901
338	0.000282192246523787
339	0.000282192246523787
340	0.00038248421904308585
919	0.00038248421904308585
2154	0.00016779251368234473
341	0.00038248421904308585
342	0.0004745888970284901
344	0.0004745888970284901
345	0.0007981602044609431
1302	0.0014047830914681995
1206	0.0011487620882874312
1350	0.00038248421904308585
343	0.00038248421904308585
1305	0.0009435666450114951
1273	0.0004745888970284901
1287	0.00038248421904308585
1965	0.00016779251368234473
924	0.00038248421904308585
925	0.000282192246523787
562	0.0004745888970284901
881	0.0007220979469607292
1979	0.00038248421904308585
347	0.00038248421904308585
348	0.0005610480838634584
349	0.000282192246523787
350	0.0007981602044609431
351	0.000282192246523787
355	0.00038248421904308585
356	0.00038248421904308585
357	0.000282192246523787
360	0.000282192246523787
362	0.0005610480838634584
364	0.000282192246523787
365	0.00038248421904308585
367	0.0005610480838634584
368	0.0004745888970284901
369	0.000282192246523787
370	0.0007220979469607292
372	0.0007981602044609431
374	0.0006432592173688949
375	0.00038248421904308585
376	0.00038248421904308585
918	0.0005610480838634584
922	0.0007981602044609431
1306	0.0007220979469607292
883	0.0007220979469607292
1205	0.0005610480838634584
1654	0.0007220979469607292
1850	0.0007220979469607292
1561	0.00038248421904308585
695	0.000282192246523787
1006	0.0004745888970284901
704	0.000282192246523787
1194	0.0013423401094587578
352	0.00016779251368234473
1255	0.00016779251368234473
1019	0.0004745888970284901
528	0.0020424014199072623
565	0.0005610480838634584
884	0.0008718754764825513
358	0.000282192246523787
1531	0.0007220979469607292
1534	0.00038248421904308585
359	0.00038248421904308585
543	0.000282192246523787
1635	0.00016779251368234473
1760	0.00038248421904308585
797	0.0009435666450114951
731	0.000282192246523787
1699	0.000282192246523787
1981	0.0006432592173688949
1250	0.0004745888970284901
803	0.0004745888970284901
776	0.0010134844603439928
2505	0.00016779251368234473
1824	0.0011487620882874312
767	0.00016779251368234473
366	0.00016779251368234473
1038	0.0006432592173688949
426	0.00038248421904308585
1730	0.0005610480838634584
2080	0.00038248421904308585
548	0.0004745888970284901
672	0.0004745888970284901
791	0.000282192246523787
519	0.0004745888970284901
1881	0.0004745888970284901
2014	0.00038248421904308585
371	0.0006432592173688949
1075	0.0004745888970284901
871	0.0004745888970284901
868	0.00038248421904308585
869	0.00038248421904308585
1076	0.000282192246523787
682	0.0004745888970284901
1077	0.000282192246523787
1078	0.000282192246523787
689	0.00038248421904308585
550	0.0005610480838634584
373	0.000282192246523787
679	0.0004745888970284901
680	0.0004745888970284901
379	0.00016779251368234473
380	0.00016779251368234473
382	0.00038248421904308585
383	0.00016779251368234473
385	0.000282192246523787
386	0.000282192246523787
388	0.00016779251368234473
390	0.000282192246523787
391	0.00016779251368234473
393	0.000282192246523787
394	0.00016779251368234473
396	0.00016779251368234473
398	0.000282192246523787
399	0.000282192246523787
400	0.000282192246523787
401	0.00016779251368234473
402	0.0005610480838634584
403	0.00016779251368234473
404	0.000282192246523787
405	0.00016779251368234473
407	0.00016779251368234473
408	0.000282192246523787
409	0.0004745888970284901
410	0.0004745888970284901
411	0.00038248421904308585
413	0.0005610480838634584
416	0.00038248421904308585
417	0.000282192246523787
418	0.0004745888970284901
419	0.0007220979469607292
420	0.000282192246523787
421	0.00016779251368234473
422	0.0004745888970284901
424	0.000282192246523787
425	0.0006432592173688949
428	0.000282192246523787
429	0.00038248421904308585
430	0.0004745888970284901
431	0.00038248421904308585
434	0.00038248421904308585
435	0.00038248421904308585
437	0.00016779251368234473
439	0.0006432592173688949
440	0.00038248421904308585
441	0.00016779251368234473
442	0.00016779251368234473
443	0.000282192246523787
444	0.000282192246523787
445	0.000282192246523787
378	0.00016779251368234473
381	0.00038248421904308585
2106	0.0004745888970284901
474	0.0010818287399288274
1732	0.0007220979469607292
1804	0.000282192246523787
1657	0.000282192246523787
1858	0.0004745888970284901
1698	0.00038248421904308585
395	0.000282192246523787
599	0.0018194118186491879
1136	0.0007220979469607292
604	0.0004745888970284901
1333	0.000282192246523787
2196	0.0004745888970284901
2238	0.0004745888970284901
2416	0.000282192246523787
2248	0.00016779251368234473
1566	0.00038248421904308585
2326	0.00038248421904308585
2292	0.00016779251368234473
412	0.00016779251368234473
719	0.00016779251368234473
1344	0.0005610480838634584
1585	0.000282192246523787
1586	0.000282192246523787
423	0.000282192246523787
2063	0.0005610480838634584
1911	0.000282192246523787
1912	0.000282192246523787
432	0.000282192246523787
824	0.0004745888970284901
1097	0.00038248421904308585
1099	0.00038248421904308585
2087	0.000282192246523787
1623	0.0006432592173688949
1544	0.00016779251368234473
1545	0.0005610480838634584
2088	0.000282192246523787
438	0.00038248421904308585
2130	0.000282192246523787
1321	0.0005610480838634584
2131	0.00038248421904308585
2132	0.00038248421904308585
2133	0.0004745888970284901
2307	0.000282192246523787
447	0.00016779251368234473
450	0.00016779251368234473
452	0.000282192246523787
454	0.00038248421904308585
456	0.0004745888970284901
457	0.0005610480838634584
458	0.00016779251368234473
459	0.00016779251368234473
461	0.000282192246523787
449	0.0004745888970284901
1211	0.0008718754764825513
1543	0.0006432592173688949
1656	0.00016779251368234473
1570	0.00038248421904308585
1369	0.00038248421904308585
453	0.00038248421904308585
1936	0.000282192246523787
1375	0.0007220979469607292
2419	0.000282192246523787
997	0.0004745888970284901
455	0.00038248421904308585
641	0.0006432592173688949
892	0.0007220979469607292
806	0.0004745888970284901
637	0.0007981602044609431
1395	0.0004745888970284901
638	0.0004745888970284901
1005	0.0005610480838634584
1009	0.000282192246523787
460	0.0004745888970284901
1957	0.00038248421904308585
2506	0.000282192246523787
2507	0.00016779251368234473
2274	0.000282192246523787
464	0.00016779251368234473
467	0.0007981602044609431
468	0.0004745888970284901
469	0.000282192246523787
470	0.000282192246523787
471	0.00038248421904308585
472	0.00016779251368234473
1071	0.0010134844603439928
1443	0.00016779251368234473
900	0.000282192246523787
657	0.000282192246523787
848	0.0004745888970284901
1285	0.0005610480838634584
473	0.0004745888970284901
1893	0.00038248421904308585
1039	0.000282192246523787
1040	0.000282192246523787
1780	0.00016779251368234473
1781	0.00038248421904308585
1782	0.000282192246523787
1041	0.000282192246523787
1783	0.000282192246523787
476	0.0004745888970284901
478	0.00038248421904308585
1776	0.0006432592173688949
1799	0.0006432592173688949
479	0.0006432592173688949
480	0.00038248421904308585
481	0.0006432592173688949
486	0.0004745888970284901
500	0.0006432592173688949
648	0.0007981602044609431
2220	0.000282192246523787
645	0.0004745888970284901
642	0.0004745888970284901
491	0.0005610480838634584
646	0.0004745888970284901
647	0.000282192246523787
482	0.00016779251368234473
483	0.0004745888970284901
1212	0.000282192246523787
485	0.00038248421904308585
1530	0.0004745888970284901
2042	0.000282192246523787
487	0.00016779251368234473
488	0.000282192246523787
489	0.0004745888970284901
503	0.0006432592173688949
2358	0.00016779251368234473
492	0.00038248421904308585
1638	0.00016779251368234473
2100	0.00038248421904308585
2151	0.00016779251368234473
494	0.00016779251368234473
2425	0.00038248421904308585
2242	0.00038248421904308585
713	0.00038248421904308585
497	0.00016779251368234473
498	0.0004745888970284901
636	0.0007981602044609431
643	0.000282192246523787
1567	0.000282192246523787
1569	0.00038248421904308585
502	0.000282192246523787
504	0.00038248421904308585
644	0.0004745888970284901
501	0.00016779251368234473
2061	0.000282192246523787
505	0.0007220979469607292
506	0.000282192246523787
507	0.000282192246523787
508	0.00038248421904308585
509	0.00016779251368234473
512	0.0008718754764825513
513	0.00038248421904308585
514	0.0006432592173688949
515	0.0004745888970284901
510	0.00038248421904308585
654	0.0004745888970284901
659	0.0012144191501226884
890	0.0004745888970284901
511	0.0006432592173688949
1118	0.0006432592173688949
573	0.0004745888970284901
726	0.000282192246523787
727	0.00016779251368234473
2287	0.00016779251368234473
2288	0.00016779251368234473
708	0.000282192246523787
786	0.00016779251368234473
787	0.0004745888970284901
788	0.00038248421904308585
789	0.000282192246523787
779	0.00038248421904308585
790	0.0005610480838634584
794	0.00038248421904308585
577	0.00038248421904308585
572	0.000282192246523787
664	0.00038248421904308585
1090	0.00038248421904308585
516	0.0004745888970284901
517	0.000282192246523787
518	0.0006432592173688949
1037	0.000282192246523787
1701	0.000282192246523787
673	0.0006432592173688949
765	0.0005610480838634584
1464	0.000282192246523787
1716	0.0007220979469607292
1614	0.0004745888970284901
520	0.0005610480838634584
521	0.0005610480838634584
522	0.00016779251368234473
1201	0.00016779251368234473
675	0.0004745888970284901
527	0.00038248421904308585
523	0.000282192246523787
2244	0.00038248421904308585
1848	0.00016779251368234473
728	0.00038248421904308585
1001	0.00038248421904308585
1003	0.000282192246523787
1004	0.00038248421904308585
775	0.0005610480838634584
529	0.0004745888970284901
530	0.00016779251368234473
531	0.0004745888970284901
532	0.00016779251368234473
533	0.00038248421904308585
534	0.000282192246523787
535	0.00038248421904308585
536	0.00038248421904308585
537	0.000282192246523787
538	0.00016779251368234473
539	0.0006432592173688949
540	0.0004745888970284901
541	0.00038248421904308585
542	0.00038248421904308585
544	0.0006432592173688949
545	0.00038248421904308585
547	0.0005610480838634584
549	0.0006432592173688949
1084	0.0007220979469607292
1022	0.0005610480838634584
1129	0.0007220979469607292
2290	0.00016779251368234473
2523	0.00016779251368234473
1031	0.00038248421904308585
1027	0.00038248421904308585
2241	0.000282192246523787
1303	0.0004745888970284901
1086	0.000282192246523787
1985	0.00038248421904308585
676	0.0012144191501226884
1251	0.0006432592173688949
546	0.0004745888970284901
1630	0.00016779251368234473
1889	0.00016779251368234473
2540	0.000282192246523787
686	0.0004745888970284901
2079	0.0005610480838634584
1087	0.00038248421904308585
1539	0.00016779251368234473
2054	0.00016779251368234473
552	0.000282192246523787
553	0.000282192246523787
555	0.0004745888970284901
556	0.000282192246523787
557	0.00038248421904308585
559	0.00016779251368234473
560	0.0005610480838634584
561	0.00038248421904308585
563	0.00038248421904308585
564	0.00038248421904308585
567	0.0007220979469607292
1748	0.00038248421904308585
558	0.000282192246523787
554	0.00038248421904308585
1150	0.0005610480838634584
1636	0.000282192246523787
568	0.0009435666450114951
880	0.0013423401094587578
2309	0.00016779251368234473
707	0.0004745888970284901
1463	0.00016779251368234473
1295	0.000282192246523787
1275	0.000282192246523787
2454	0.00016779251368234473
1879	0.0005610480838634584
873	0.000282192246523787
874	0.000282192246523787
1239	0.0004745888970284901
566	0.00016779251368234473
1125	0.00038248421904308585
1131	0.0010818287399288274
569	0.000282192246523787
570	0.0005610480838634584
571	0.00038248421904308585
574	0.000282192246523787
575	0.00016779251368234473
576	0.0004745888970284901
1637	0.00016779251368234473
1641	0.0005610480838634584
1700	0.00016779251368234473
2041	0.000282192246523787
1877	0.000282192246523787
579	0.0014047830914681995
580	0.00038248421904308585
581	0.000282192246523787
582	0.000282192246523787
583	0.000282192246523787
584	0.00016779251368234473
585	0.00038248421904308585
586	0.000282192246523787
587	0.0004745888970284901
588	0.00038248421904308585
589	0.000282192246523787
591	0.0004745888970284901
593	0.0006432592173688949
594	0.0004745888970284901
595	0.0005610480838634584
596	0.0005610480838634584
2393	0.0012144191501226884
609	0.0007981602044609431
590	0.00016779251368234473
607	0.00038248421904308585
608	0.0005610480838634584
592	0.000282192246523787
597	0.000282192246523787
598	0.00016779251368234473
1093	0.00038248421904308585
600	0.000282192246523787
601	0.00038248421904308585
602	0.000282192246523787
603	0.00038248421904308585
605	0.000282192246523787
606	0.000282192246523787
610	0.00016779251368234473
611	0.00016779251368234473
612	0.0004745888970284901
613	0.0006432592173688949
912	0.000282192246523787
910	0.0006432592173688949
2455	0.00016779251368234473
2148	0.00038248421904308585
1137	0.00038248421904308585
627	0.0005610480838634584
2532	0.00016779251368234473
2579	0.00016779251368234473
1643	0.0004745888970284901
1098	0.0005610480838634584
2691	0.0004745888970284901
2693	0.000282192246523787
614	0.00038248421904308585
615	0.00038248421904308585
617	0.00038248421904308585
1604	0.00016779251368234473
616	0.00016779251368234473
618	0.00038248421904308585
620	0.00038248421904308585
621	0.000282192246523787
622	0.000282192246523787
623	0.000282192246523787
624	0.00038248421904308585
625	0.000282192246523787
2456	0.000282192246523787
909	0.00038248421904308585
628	0.0004745888970284901
629	0.00038248421904308585
630	0.0008718754764825513
631	0.0005610480838634584
632	0.000282192246523787
1291	0.00038248421904308585
1292	0.00038248421904308585
1293	0.00038248421904308585
1294	0.0005610480838634584
1296	0.00016779251368234473
815	0.0004745888970284901
2478	0.00038248421904308585
836	0.00038248421904308585
2049	0.00016779251368234473
2120	0.000282192246523787
649	0.000282192246523787
2158	0.000282192246523787
915	0.0006432592173688949
1744	0.000282192246523787
639	0.000282192246523787
640	0.0004745888970284901
1240	0.001586883618686281
1528	0.000282192246523787
1392	0.000282192246523787
1393	0.000282192246523787
650	0.000282192246523787
1394	0.000282192246523787
1407	0.0006432592173688949
1733	0.000282192246523787
891	0.00016779251368234473
893	0.0004745888970284901
2457	0.00016779251368234473
2219	0.00016779251368234473
651	0.000282192246523787
652	0.00038248421904308585
653	0.00016779251368234473
656	0.0004745888970284901
658	0.0009435666450114951
655	0.00016779251368234473
1818	0.0005610480838634584
668	0.0007981602044609431
898	0.000282192246523787
899	0.00016779251368234473
901	0.000282192246523787
902	0.00038248421904308585
670	0.0004745888970284901
903	0.0009435666450114951
660	0.0004745888970284901
661	0.000282192246523787
662	0.00016779251368234473
663	0.000282192246523787
666	0.00038248421904308585
667	0.00016779251368234473
671	0.0004745888970284901
2149	0.0004745888970284901
2164	0.000282192246523787
1042	0.000282192246523787
665	0.0006432592173688949
1718	0.000282192246523787
817	0.00038248421904308585
1461	0.00038248421904308585
1462	0.00038248421904308585
1397	0.0004745888970284901
1403	0.0007981602044609431
669	0.00016779251368234473
1399	0.0005610480838634584
690	0.0012144191501226884
792	0.000282192246523787
674	0.00016779251368234473
2249	0.00016779251368234473
677	0.00038248421904308585
678	0.00038248421904308585
681	0.00016779251368234473
683	0.00038248421904308585
684	0.000282192246523787
687	0.00038248421904308585
688	0.0007220979469607292
1591	0.00038248421904308585
1197	0.0007220979469607292
1891	0.0009435666450114951
2114	0.00038248421904308585
1081	0.00038248421904308585
1828	0.00038248421904308585
1024	0.0007981602044609431
2025	0.000282192246523787
1894	0.00038248421904308585
1012	0.000282192246523787
1032	0.00038248421904308585
1033	0.0006432592173688949
705	0.00038248421904308585
692	0.0004745888970284901
693	0.000282192246523787
694	0.000282192246523787
696	0.000282192246523787
697	0.000282192246523787
699	0.000282192246523787
700	0.0006432592173688949
701	0.00038248421904308585
702	0.00016779251368234473
703	0.00038248421904308585
706	0.00016779251368234473
691	0.00016779251368234473
995	0.0006432592173688949
1008	0.000282192246523787
1223	0.0009435666450114951
698	0.000282192246523787
1564	0.00038248421904308585
796	0.00038248421904308585
1796	0.00038248421904308585
709	0.000282192246523787
710	0.00038248421904308585
711	0.00016779251368234473
1717	0.000282192246523787
712	0.000282192246523787
773	0.0004745888970284901
715	0.00038248421904308585
716	0.000282192246523787
717	0.000282192246523787
718	0.00016779251368234473
720	0.000282192246523787
721	0.00016779251368234473
722	0.000282192246523787
724	0.000282192246523787
725	0.000282192246523787
730	0.00038248421904308585
732	0.000282192246523787
733	0.000282192246523787
734	0.00038248421904308585
735	0.00038248421904308585
736	0.00038248421904308585
737	0.0005610480838634584
738	0.0004745888970284901
739	0.0007220979469607292
741	0.0004745888970284901
742	0.0004745888970284901
746	0.000282192246523787
747	0.00038248421904308585
749	0.0004745888970284901
750	0.0004745888970284901
751	0.000282192246523787
753	0.00038248421904308585
754	0.00016779251368234473
755	0.00038248421904308585
757	0.00016779251368234473
1688	0.0006432592173688949
1692	0.0005610480838634584
2046	0.00016779251368234473
2081	0.000282192246523787
2388	0.000282192246523787
1665	0.000282192246523787
723	0.00016779251368234473
2351	0.0006432592173688949
1725	0.0004745888970284901
930	0.0005610480838634584
729	0.00016779251368234473
2707	0.000282192246523787
2192	0.00016779251368234473
1421	0.00016779251368234473
907	0.0004745888970284901
1411	0.000282192246523787
1867	0.00038248421904308585
1684	0.0007220979469607292
759	0.00038248421904308585
1619	0.00038248421904308585
1620	0.00038248421904308585
2043	0.00016779251368234473
1726	0.000282192246523787
1727	0.000282192246523787
1747	0.000282192246523787
1198	0.000282192246523787
1771	0.00038248421904308585
1664	0.00016779251368234473
1786	0.000282192246523787
745	0.0010818287399288274
844	0.00016779251368234473
1789	0.00038248421904308585
1051	0.00038248421904308585
1055	0.0004745888970284901
1790	0.000282192246523787
1934	0.00038248421904308585
748	0.00038248421904308585
1444	0.00016779251368234473
2246	0.000282192246523787
1062	0.0009435666450114951
1243	0.00016779251368234473
1935	0.000282192246523787
2126	0.00016779251368234473
1994	0.00016779251368234473
752	0.00038248421904308585
2066	0.00038248421904308585
2583	0.0006432592173688949
2645	0.000282192246523787
2646	0.000282192246523787
1301	0.000282192246523787
2050	0.00016779251368234473
758	0.00016779251368234473
763	0.00038248421904308585
764	0.00038248421904308585
766	0.000282192246523787
768	0.000282192246523787
770	0.0004745888970284901
771	0.0004745888970284901
774	0.00016779251368234473
777	0.00038248421904308585
778	0.0006432592173688949
780	0.00038248421904308585
1199	0.0005610480838634584
761	0.000282192246523787
1155	0.000282192246523787
762	0.00016779251368234473
782	0.00038248421904308585
783	0.0006432592173688949
2414	0.00016779251368234473
769	0.00016779251368234473
2332	0.000282192246523787
772	0.00016779251368234473
2186	0.000282192246523787
1002	0.000282192246523787
1377	0.00016779251368234473
1447	0.000282192246523787
2001	0.00016779251368234473
1525	0.00038248421904308585
1153	0.0004745888970284901
2017	0.000282192246523787
785	0.00016779251368234473
875	0.0010134844603439928
793	0.00016779251368234473
795	0.000282192246523787
1135	0.00038248421904308585
798	0.000282192246523787
800	0.0004745888970284901
801	0.00038248421904308585
804	0.00016779251368234473
1177	0.000282192246523787
1739	0.000282192246523787
802	0.00038248421904308585
1713	0.0006432592173688949
1227	0.0007220979469607292
2354	0.00038248421904308585
1590	0.0004745888970284901
805	0.00038248421904308585
807	0.000282192246523787
808	0.000282192246523787
810	0.00038248421904308585
1029	0.0005610480838634584
809	0.00016779251368234473
1927	0.00038248421904308585
1161	0.0005610480838634584
813	0.00016779251368234473
816	0.0004745888970284901
812	0.000282192246523787
1609	0.0008718754764825513
1650	0.00038248421904308585
819	0.00038248421904308585
820	0.00038248421904308585
821	0.00016779251368234473
823	0.000282192246523787
825	0.000282192246523787
826	0.000282192246523787
828	0.00016779251368234473
829	0.000282192246523787
832	0.000282192246523787
833	0.00038248421904308585
834	0.00038248421904308585
835	0.000282192246523787
837	0.000282192246523787
1320	0.0007220979469607292
1480	0.000282192246523787
822	0.00016779251368234473
2365	0.0008718754764825513
927	0.0007220979469607292
2584	0.0004745888970284901
850	0.000282192246523787
827	0.00038248421904308585
1298	0.0004745888970284901
2190	0.00016779251368234473
2191	0.00016779251368234473
1629	0.00038248421904308585
830	0.00016779251368234473
2272	0.00016779251368234473
1044	0.0006432592173688949
1049	0.0004745888970284901
1501	0.0007220979469607292
838	0.00016779251368234473
2682	0.0004745888970284901
841	0.00016779251368234473
842	0.000282192246523787
843	0.00016779251368234473
846	0.00038248421904308585
851	0.0004745888970284901
1053	0.0007981602044609431
1466	0.0005610480838634584
1470	0.000282192246523787
2048	0.000282192246523787
847	0.00038248421904308585
1504	0.0004745888970284901
1613	0.000282192246523787
1679	0.000282192246523787
1277	0.0004745888970284901
849	0.000282192246523787
1996	0.00016779251368234473
1851	0.00016779251368234473
852	0.00016779251368234473
853	0.00016779251368234473
855	0.000282192246523787
858	0.00038248421904308585
859	0.000282192246523787
861	0.00038248421904308585
862	0.00016779251368234473
994	0.000282192246523787
976	0.00016779251368234473
1671	0.000282192246523787
863	0.000282192246523787
864	0.00038248421904308585
1266	0.00038248421904308585
1202	0.0010134844603439928
866	0.000282192246523787
867	0.00016779251368234473
1538	0.000282192246523787
870	0.000282192246523787
2492	0.00016779251368234473
1156	0.000282192246523787
1157	0.0004745888970284901
1158	0.0005610480838634584
1163	0.000282192246523787
1218	0.0005610480838634584
876	0.000282192246523787
877	0.000282192246523787
879	0.0004745888970284901
882	0.00038248421904308585
885	0.00016779251368234473
886	0.00038248421904308585
1179	0.0005610480838634584
1473	0.000282192246523787
878	0.00016779251368234473
1192	0.000282192246523787
1792	0.0007981602044609431
1268	0.000282192246523787
1270	0.00016779251368234473
1271	0.000282192246523787
1264	0.0006432592173688949
1276	0.00016779251368234473
1680	0.00038248421904308585
1083	0.0004745888970284901
1681	0.000282192246523787
1631	0.000282192246523787
1632	0.000282192246523787
926	0.00016779251368234473
2311	0.00038248421904308585
1476	0.000282192246523787
1882	0.00016779251368234473
887	0.000282192246523787
1862	0.0005610480838634584
888	0.00016779251368234473
889	0.00038248421904308585
1116	0.000282192246523787
1117	0.00038248421904308585
894	0.00016779251368234473
895	0.00016779251368234473
896	0.00016779251368234473
2322	0.00016779251368234473
897	0.00016779251368234473
1216	0.000282192246523787
2459	0.00016779251368234473
1819	0.0008718754764825513
2490	0.000282192246523787
2094	0.00016779251368234473
2095	0.000282192246523787
1896	0.000282192246523787
1728	0.00038248421904308585
2096	0.00016779251368234473
1472	0.00038248421904308585
2460	0.000282192246523787
904	0.0004745888970284901
905	0.00038248421904308585
908	0.00016779251368234473
2227	0.000282192246523787
1420	0.0007220979469607292
1422	0.00038248421904308585
2576	0.00016779251368234473
911	0.00016779251368234473
913	0.00038248421904308585
2038	0.000282192246523787
914	0.00016779251368234473
916	0.000282192246523787
917	0.00016779251368234473
1217	0.000282192246523787
920	0.00038248421904308585
921	0.00038248421904308585
1304	0.00038248421904308585
923	0.00016779251368234473
1488	0.0005610480838634584
928	0.0005610480838634584
929	0.0005610480838634584
931	0.00038248421904308585
1608	0.0008718754764825513
2653	0.0004745888970284901
939	0.0005610480838634584
1347	0.000282192246523787
2145	0.00016779251368234473
2146	0.000282192246523787
1329	0.0007220979469607292
944	0.00016779251368234473
1242	0.00016779251368234473
948	0.00016779251368234473
949	0.00038248421904308585
1481	0.00038248421904308585
952	0.000282192246523787
953	0.000282192246523787
955	0.0004745888970284901
1853	0.000282192246523787
1691	0.00016779251368234473
2223	0.00016779251368234473
1166	0.00016779251368234473
2140	0.00016779251368234473
2142	0.00016779251368234473
2051	0.00016779251368234473
965	0.00016779251368234473
1442	0.0004745888970284901
1440	0.00038248421904308585
1441	0.000282192246523787
1791	0.00038248421904308585
2382	0.00016779251368234473
1667	0.00016779251368234473
979	0.00016779251368234473
1572	0.00038248421904308585
1669	0.000282192246523787
2060	0.000282192246523787
1014	0.00016779251368234473
1674	0.0004745888970284901
1105	0.00038248421904308585
2141	0.000282192246523787
2265	0.000282192246523787
989	0.00016779251368234473
990	0.0004745888970284901
991	0.00016779251368234473
992	0.00016779251368234473
993	0.00016779251368234473
996	0.000282192246523787
1897	0.0004745888970284901
998	0.000282192246523787
999	0.00016779251368234473
1000	0.000282192246523787
2240	0.00016779251368234473
1795	0.0007220979469607292
1007	0.00038248421904308585
1961	0.00016779251368234473
1010	0.00016779251368234473
1011	0.00016779251368234473
1013	0.00016779251368234473
1445	0.00016779251368234473
1446	0.00016779251368234473
1020	0.000282192246523787
1471	0.0006432592173688949
1021	0.0006432592173688949
1829	0.000282192246523787
1830	0.0004745888970284901
1023	0.00038248421904308585
1832	0.0006432592173688949
1025	0.00016779251368234473
1026	0.00016779251368234473
1028	0.00016779251368234473
1160	0.00016779251368234473
1079	0.000282192246523787
1080	0.000282192246523787
1082	0.00038248421904308585
1969	0.00016779251368234473
1034	0.000282192246523787
1035	0.0005610480838634584
1036	0.000282192246523787
1379	0.0004745888970284901
2350	0.00016779251368234473
1043	0.00038248421904308585
1400	0.0004745888970284901
1045	0.000282192246523787
1047	0.000282192246523787
1048	0.0006432592173688949
1052	0.0004745888970284901
1046	0.00038248421904308585
1742	0.0007220979469607292
2491	0.00016779251368234473
1050	0.000282192246523787
1054	0.00038248421904308585
1056	0.00038248421904308585
1915	0.0004745888970284901
1057	0.0007220979469607292
1058	0.0005610480838634584
1059	0.000282192246523787
1060	0.0007981602044609431
1061	0.00038248421904308585
1063	0.00038248421904308585
1070	0.0005610480838634584
1068	0.00038248421904308585
1066	0.00038248421904308585
1067	0.0004745888970284901
2093	0.00016779251368234473
1064	0.000282192246523787
1065	0.00038248421904308585
1069	0.0004745888970284901
2092	0.00016779251368234473
2313	0.000282192246523787
1072	0.00016779251368234473
1073	0.00016779251368234473
1074	0.00016779251368234473
1434	0.0006432592173688949
2629	0.00016779251368234473
1085	0.00016779251368234473
1088	0.000282192246523787
2451	0.00016779251368234473
1091	0.00016779251368234473
1092	0.00016779251368234473
1096	0.000282192246523787
1094	0.00016779251368234473
2672	0.00016779251368234473
1095	0.00038248421904308585
1378	0.00038248421904308585
1370	0.00038248421904308585
1376	0.0004745888970284901
1956	0.00016779251368234473
2689	0.00038248421904308585
2692	0.000282192246523787
1101	0.00038248421904308585
1100	0.00016779251368234473
1103	0.000282192246523787
1677	0.00016779251368234473
1104	0.00038248421904308585
1106	0.0006432592173688949
1108	0.000282192246523787
1109	0.0005610480838634584
1110	0.0004745888970284901
1111	0.0005610480838634584
1112	0.000282192246523787
2097	0.000282192246523787
1107	0.00016779251368234473
1115	0.000282192246523787
2074	0.000282192246523787
2327	0.00038248421904308585
2329	0.00016779251368234473
1113	0.00016779251368234473
1114	0.00016779251368234473
2449	0.00016779251368234473
1119	0.00038248421904308585
1123	0.00038248421904308585
1124	0.000282192246523787
1127	0.000282192246523787
1128	0.00038248421904308585
1132	0.000282192246523787
1133	0.00016779251368234473
1134	0.000282192246523787
1121	0.00016779251368234473
1892	0.00038248421904308585
1122	0.00016779251368234473
1560	0.0004745888970284901
1219	0.000282192246523787
1221	0.00038248421904308585
1535	0.0005610480838634584
1565	0.00038248421904308585
1253	0.00016779251368234473
1588	0.000282192246523787
1589	0.00016779251368234473
1995	0.00016779251368234473
1256	0.00038248421904308585
1138	0.00016779251368234473
2039	0.0004745888970284901
1141	0.00016779251368234473
1142	0.00038248421904308585
1140	0.000282192246523787
1147	0.0004745888970284901
1322	0.00038248421904308585
2664	0.00016779251368234473
1144	0.00016779251368234473
1145	0.00016779251368234473
1146	0.00038248421904308585
1248	0.00038248421904308585
2398	0.000282192246523787
1323	0.000282192246523787
1307	0.000282192246523787
1417	0.0004745888970284901
1152	0.00038248421904308585
1154	0.000282192246523787
2289	0.00016779251368234473
2119	0.00038248421904308585
2127	0.000282192246523787
1645	0.00016779251368234473
1159	0.00016779251368234473
1571	0.000282192246523787
1162	0.00016779251368234473
1169	0.0004745888970284901
1885	0.00016779251368234473
1905	0.000282192246523787
1906	0.00016779251368234473
1174	0.00038248421904308585
1907	0.0004745888970284901
1909	0.000282192246523787
1176	0.00016779251368234473
1178	0.00016779251368234473
1180	0.000282192246523787
1181	0.00038248421904308585
1182	0.000282192246523787
1183	0.00016779251368234473
1184	0.00016779251368234473
1185	0.00038248421904308585
1186	0.00038248421904308585
1187	0.0004745888970284901
2582	0.0004745888970284901
1849	0.00016779251368234473
1189	0.00038248421904308585
1190	0.0006432592173688949
1750	0.000282192246523787
1751	0.0006432592173688949
2089	0.00016779251368234473
1418	0.0005610480838634584
1749	0.000282192246523787
2091	0.000282192246523787
1191	0.00038248421904308585
1756	0.0010134844603439928
2430	0.000282192246523787
1766	0.000282192246523787
1193	0.00016779251368234473
1196	0.00016779251368234473
1200	0.00016779251368234473
1195	0.00016779251368234473
1715	0.0005610480838634584
1374	0.00038248421904308585
1204	0.0005610480838634584
1207	0.00038248421904308585
1208	0.00038248421904308585
1209	0.0007981602044609431
1210	0.00038248421904308585
1203	0.00038248421904308585
1267	0.00038248421904308585
1260	0.000282192246523787
1261	0.0004745888970284901
1384	0.000282192246523787
1385	0.000282192246523787
1386	0.00038248421904308585
1387	0.000282192246523787
1286	0.00038248421904308585
1746	0.00038248421904308585
1708	0.00038248421904308585
1280	0.0009435666450114951
2031	0.0005610480838634584
1214	0.000282192246523787
1215	0.000282192246523787
1213	0.00016779251368234473
1220	0.0004745888970284901
1222	0.00038248421904308585
1562	0.000282192246523787
1958	0.00016779251368234473
1513	0.00038248421904308585
1224	0.00016779251368234473
1225	0.0005610480838634584
1226	0.00038248421904308585
1229	0.0004745888970284901
1230	0.0012789130664577094
1231	0.0004745888970284901
1232	0.000282192246523787
1289	0.00038248421904308585
1706	0.00038248421904308585
1731	0.0005610480838634584
1228	0.000282192246523787
1705	0.00016779251368234473
1707	0.000282192246523787
1712	0.00016779251368234473
1714	0.00016779251368234473
1238	0.00016779251368234473
1241	0.00016779251368234473
1458	0.00016779251368234473
1512	0.00016779251368234473
1514	0.00038248421904308585
1515	0.00016779251368234473
1516	0.00016779251368234473
1517	0.00016779251368234473
1518	0.00016779251368234473
1519	0.00016779251368234473
1520	0.00016779251368234473
1521	0.00038248421904308585
1522	0.00016779251368234473
1523	0.00016779251368234473
1524	0.00016779251368234473
1526	0.00016779251368234473
1527	0.00016779251368234473
1244	0.0004745888970284901
1245	0.000282192246523787
1246	0.0004745888970284901
1247	0.0004745888970284901
2347	0.0004745888970284901
2349	0.0005610480838634584
2348	0.00038248421904308585
1249	0.00016779251368234473
1258	0.00016779251368234473
1252	0.00016779251368234473
1254	0.00016779251368234473
1257	0.000282192246523787
1869	0.000282192246523787
1870	0.000282192246523787
1259	0.000282192246523787
1262	0.0004745888970284901
1288	0.0005610480838634584
1263	0.00038248421904308585
1279	0.0004745888970284901
1634	0.00016779251368234473
1265	0.000282192246523787
1269	0.000282192246523787
2115	0.00016779251368234473
1380	0.000282192246523787
1272	0.00016779251368234473
1274	0.00016779251368234473
1278	0.00016779251368234473
1861	0.000282192246523787
1281	0.00038248421904308585
1283	0.00016779251368234473
2005	0.00016779251368234473
2152	0.00016779251368234473
1675	0.00038248421904308585
2166	0.00016779251368234473
1299	0.000282192246523787
1300	0.0004745888970284901
1587	0.00016779251368234473
2273	0.00016779251368234473
1536	0.00016779251368234473
1537	0.000282192246523787
1316	0.00016779251368234473
2259	0.000282192246523787
1325	0.00016779251368234473
1327	0.0004745888970284901
1326	0.000282192246523787
1328	0.0005610480838634584
1330	0.00038248421904308585
1331	0.000282192246523787
1332	0.0004745888970284901
2077	0.00016779251368234473
2078	0.00016779251368234473
1729	0.0004745888970284901
1676	0.00038248421904308585
2224	0.00016779251368234473
1335	0.00038248421904308585
1338	0.00038248421904308585
2098	0.000282192246523787
1336	0.0005610480838634584
1339	0.00038248421904308585
1341	0.00038248421904308585
1343	0.000282192246523787
2193	0.000282192246523787
1345	0.00016779251368234473
1348	0.000282192246523787
2129	0.00016779251368234473
1349	0.00016779251368234473
1352	0.0005610480838634584
2147	0.000282192246523787
1356	0.000282192246523787
1357	0.000282192246523787
1999	0.000282192246523787
1358	0.000282192246523787
1359	0.0004745888970284901
1423	0.0010818287399288274
1435	0.0004745888970284901
2610	0.00016779251368234473
1360	0.0005610480838634584
1362	0.00038248421904308585
1363	0.0007220979469607292
1364	0.0004745888970284901
1365	0.0005610480838634584
1366	0.000282192246523787
1361	0.000282192246523787
1367	0.000282192246523787
1368	0.0004745888970284901
1371	0.00016779251368234473
1372	0.0005610480838634584
1373	0.0004745888970284901
1960	0.00016779251368234473
1827	0.0005610480838634584
1928	0.00016779251368234473
1916	0.00038248421904308585
1917	0.00038248421904308585
1381	0.00038248421904308585
1383	0.000282192246523787
1592	0.00038248421904308585
1738	0.0004745888970284901
1621	0.000282192246523787
1622	0.00038248421904308585
2345	0.000282192246523787
2134	0.00016779251368234473
1584	0.000282192246523787
1390	0.00016779251368234473
1388	0.000282192246523787
1854	0.00016779251368234473
2122	0.00016779251368234473
2123	0.00016779251368234473
2124	0.00016779251368234473
2310	0.000282192246523787
1396	0.00016779251368234473
2179	0.00016779251368234473
1398	0.00038248421904308585
1401	0.0007220979469607292
1402	0.0007220979469607292
2512	0.00038248421904308585
2055	0.0008718754764825513
1843	0.0006432592173688949
2343	0.000282192246523787
2057	0.0004745888970284901
2670	0.00016779251368234473
1838	0.0004745888970284901
1405	0.0006432592173688949
2669	0.00016779251368234473
1404	0.00016779251368234473
1406	0.0004745888970284901
2013	0.0004745888970284901
2056	0.000282192246523787
1844	0.000282192246523787
1408	0.000282192246523787
1409	0.00016779251368234473
1410	0.00016779251368234473
1419	0.0004745888970284901
1412	0.000282192246523787
1875	0.000282192246523787
1414	0.000282192246523787
1415	0.000282192246523787
1416	0.0004745888970284901
2660	0.00016779251368234473
2163	0.0004745888970284901
2226	0.00038248421904308585
2319	0.0004745888970284901
1424	0.000282192246523787
1425	0.0005610480838634584
1426	0.000282192246523787
1427	0.0004745888970284901
1429	0.000282192246523787
1430	0.0011487620882874312
1431	0.0004745888970284901
1432	0.00038248421904308585
1433	0.000282192246523787
2587	0.00038248421904308585
2591	0.0007220979469607292
2596	0.0011487620882874312
2625	0.00016779251368234473
2600	0.0006432592173688949
1428	0.000282192246523787
1816	0.000282192246523787
2609	0.00016779251368234473
2611	0.000282192246523787
2612	0.000282192246523787
2613	0.00038248421904308585
2601	0.00038248421904308585
2614	0.0005610480838634584
2615	0.0006432592173688949
2212	0.00038248421904308585
2592	0.000282192246523787
1815	0.0005610480838634584
2162	0.000282192246523787
1436	0.000282192246523787
1437	0.00016779251368234473
2047	0.00016779251368234473
1439	0.000282192246523787
1448	0.00016779251368234473
1449	0.00016779251368234473
1450	0.00016779251368234473
1453	0.00016779251368234473
1454	0.000282192246523787
2117	0.00016779251368234473
1455	0.00016779251368234473
1456	0.00016779251368234473
1457	0.00016779251368234473
1459	0.000282192246523787
1460	0.00038248421904308585
1686	0.00016779251368234473
1687	0.00016779251368234473
1465	0.00016779251368234473
1468	0.000282192246523787
1469	0.000282192246523787
1475	0.00038248421904308585
2256	0.00016779251368234473
2026	0.00016779251368234473
2171	0.0004745888970284901
2496	0.00016779251368234473
1474	0.00016779251368234473
1477	0.00038248421904308585
1478	0.000282192246523787
1479	0.00016779251368234473
1482	0.000282192246523787
1554	0.000282192246523787
2548	0.00016779251368234473
2044	0.0005610480838634584
1489	0.00016779251368234473
1490	0.0004745888970284901
1491	0.000282192246523787
1492	0.000282192246523787
1745	0.000282192246523787
1653	0.00016779251368234473
1494	0.00016779251368234473
1495	0.0004745888970284901
1498	0.00016779251368234473
1499	0.00038248421904308585
1502	0.00038248421904308585
1503	0.000282192246523787
2704	0.000282192246523787
2706	0.000282192246523787
1500	0.000282192246523787
2202	0.00016779251368234473
2030	0.000282192246523787
1833	0.00038248421904308585
2160	0.000282192246523787
2705	0.00038248421904308585
2671	0.00016779251368234473
1505	0.0005610480838634584
1615	0.00038248421904308585
1616	0.000282192246523787
1511	0.0004745888970284901
1775	0.000282192246523787
2178	0.00016779251368234473
1532	0.00016779251368234473
1533	0.00038248421904308585
2461	0.00016779251368234473
1559	0.00038248421904308585
2482	0.00016779251368234473
1540	0.00038248421904308585
1542	0.00016779251368234473
1541	0.00038248421904308585
2361	0.00016779251368234473
1548	0.00016779251368234473
1549	0.000282192246523787
1550	0.000282192246523787
1552	0.00038248421904308585
2260	0.00016779251368234473
1555	0.00016779251368234473
1557	0.00038248421904308585
1793	0.00016779251368234473
1794	0.00016779251368234473
2135	0.00016779251368234473
1568	0.0004745888970284901
1573	0.000282192246523787
2143	0.000282192246523787
1574	0.0004745888970284901
1575	0.0007981602044609431
1576	0.00016779251368234473
2236	0.00016779251368234473
2237	0.00016779251368234473
1577	0.000282192246523787
1578	0.00038248421904308585
1579	0.0004745888970284901
1580	0.000282192246523787
1581	0.0004745888970284901
2235	0.00016779251368234473
2006	0.0004745888970284901
2011	0.00038248421904308585
2012	0.0005610480838634584
2010	0.000282192246523787
2118	0.00016779251368234473
1583	0.00038248421904308585
1611	0.0004745888970284901
2415	0.00016779251368234473
1593	0.00016779251368234473
1594	0.000282192246523787
1596	0.00016779251368234473
1600	0.00016779251368234473
1601	0.00016779251368234473
1602	0.00038248421904308585
1603	0.000282192246523787
1605	0.000282192246523787
1606	0.000282192246523787
2064	0.00038248421904308585
1627	0.00038248421904308585
2221	0.000282192246523787
1868	0.000282192246523787
1845	0.000282192246523787
2363	0.000282192246523787
1652	0.000282192246523787
2429	0.000282192246523787
1612	0.00016779251368234473
2254	0.00016779251368234473
2435	0.00016779251368234473
2266	0.00016779251368234473
2267	0.00016779251368234473
1624	0.00016779251368234473
1625	0.000282192246523787
1626	0.000282192246523787
1921	0.00016779251368234473
1633	0.000282192246523787
2128	0.00016779251368234473
1642	0.00016779251368234473
1644	0.000282192246523787
2524	0.00016779251368234473
1662	0.000282192246523787
1940	0.000282192246523787
2167	0.000282192246523787
1666	0.00016779251368234473
2356	0.00016779251368234473
1673	0.00016779251368234473
1693	0.00016779251368234473
2536	0.000282192246523787
1685	0.0004745888970284901
1778	0.0004745888970284901
2170	0.00038248421904308585
1689	0.00016779251368234473
1690	0.00016779251368234473
1694	0.00016779251368234473
2258	0.000282192246523787
2040	0.000282192246523787
1696	0.00016779251368234473
1697	0.00016779251368234473
1971	0.000282192246523787
1702	0.00016779251368234473
1703	0.00016779251368234473
1704	0.00038248421904308585
2525	0.0005610480838634584
2355	0.00038248421904308585
1720	0.00038248421904308585
1721	0.0004745888970284901
1722	0.00016779251368234473
1724	0.00016779251368234473
1723	0.000282192246523787
2357	0.000282192246523787
1734	0.000282192246523787
1737	0.00016779251368234473
2360	0.00038248421904308585
1735	0.00016779251368234473
1886	0.000282192246523787
1887	0.00038248421904308585
1740	0.00016779251368234473
1741	0.00016779251368234473
1743	0.00016779251368234473
1752	0.000282192246523787
1753	0.00016779251368234473
2325	0.00016779251368234473
1757	0.000282192246523787
1758	0.000282192246523787
1759	0.000282192246523787
1762	0.0004745888970284901
1765	0.0006432592173688949
1767	0.00038248421904308585
1768	0.0004745888970284901
1763	0.000282192246523787
1883	0.0005610480838634584
1761	0.000282192246523787
1764	0.0005610480838634584
2378	0.00016779251368234473
1772	0.000282192246523787
1773	0.00016779251368234473
2417	0.00016779251368234473
2386	0.00016779251368234473
1777	0.0004745888970284901
1779	0.000282192246523787
2165	0.00038248421904308585
2173	0.0004745888970284901
2504	0.00016779251368234473
1982	0.000282192246523787
2433	0.00016779251368234473
1785	0.00016779251368234473
2230	0.00016779251368234473
1787	0.00016779251368234473
1805	0.00016779251368234473
2085	0.0004745888970284901
2086	0.0005610480838634584
2172	0.000282192246523787
1798	0.00038248421904308585
1801	0.000282192246523787
2338	0.00038248421904308585
1803	0.00038248421904308585
1876	0.00038248421904308585
1820	0.000282192246523787
1817	0.00016779251368234473
2627	0.000282192246523787
2275	0.000282192246523787
2276	0.000282192246523787
2277	0.0004745888970284901
2278	0.000282192246523787
2279	0.000282192246523787
2281	0.000282192246523787
2282	0.00038248421904308585
1821	0.00016779251368234473
1822	0.00016779251368234473
2139	0.00016779251368234473
1825	0.00016779251368234473
1826	0.00016779251368234473
1831	0.00016779251368234473
1834	0.000282192246523787
1836	0.00016779251368234473
1837	0.000282192246523787
1839	0.00016779251368234473
1841	0.00038248421904308585
1840	0.00038248421904308585
1924	0.00038248421904308585
1926	0.00016779251368234473
1842	0.000282192246523787
2008	0.0004745888970284901
2341	0.00038248421904308585
2058	0.00038248421904308585
1846	0.000282192246523787
1847	0.00016779251368234473
2257	0.000282192246523787
2335	0.000282192246523787
1859	0.00016779251368234473
1860	0.00016779251368234473
1864	0.00016779251368234473
1865	0.00016779251368234473
1866	0.00016779251368234473
1871	0.00016779251368234473
1872	0.00016779251368234473
2390	0.000282192246523787
1874	0.000282192246523787
1878	0.00016779251368234473
1880	0.00016779251368234473
1890	0.00016779251368234473
1884	0.00016779251368234473
2477	0.00016779251368234473
1983	0.00016779251368234473
1895	0.00016779251368234473
1898	0.00016779251368234473
1899	0.00016779251368234473
1901	0.00016779251368234473
1900	0.00016779251368234473
2002	0.000282192246523787
1902	0.00016779251368234473
1903	0.00016779251368234473
1908	0.00038248421904308585
1910	0.000282192246523787
1913	0.00016779251368234473
1914	0.00016779251368234473
2340	0.00016779251368234473
1918	0.000282192246523787
2201	0.0004745888970284901
2320	0.00038248421904308585
1919	0.00016779251368234473
1920	0.00016779251368234473
1922	0.00016779251368234473
1923	0.00016779251368234473
1925	0.000282192246523787
1929	0.000282192246523787
1930	0.00038248421904308585
1931	0.000282192246523787
1932	0.00038248421904308585
1933	0.000282192246523787
2062	0.000282192246523787
2362	0.00016779251368234473
1937	0.00038248421904308585
2187	0.0005610480838634584
2533	0.000282192246523787
2168	0.00016779251368234473
2527	0.00016779251368234473
1950	0.0005610480838634584
2545	0.000282192246523787
2546	0.000282192246523787
2549	0.000282192246523787
1953	0.00016779251368234473
1955	0.00016779251368234473
1964	0.000282192246523787
2632	0.000282192246523787
1966	0.0004745888970284901
1967	0.000282192246523787
1968	0.0004745888970284901
2405	0.0006432592173688949
2407	0.00038248421904308585
2404	0.00038248421904308585
1970	0.000282192246523787
1973	0.00016779251368234473
1977	0.000282192246523787
1978	0.00016779251368234473
1986	0.000282192246523787
1987	0.000282192246523787
1989	0.000282192246523787
2642	0.000282192246523787
1997	0.00016779251368234473
1998	0.00016779251368234473
2000	0.00016779251368234473
2003	0.00016779251368234473
2007	0.000282192246523787
2495	0.00016779251368234473
2018	0.00016779251368234473
2019	0.00038248421904308585
2020	0.00038248421904308585
2023	0.00038248421904308585
2024	0.00038248421904308585
2021	0.00016779251368234473
2083	0.000282192246523787
2022	0.00016779251368234473
2225	0.00016779251368234473
2027	0.00016779251368234473
2153	0.00016779251368234473
2029	0.00016779251368234473
2315	0.00016779251368234473
2032	0.00038248421904308585
2033	0.000282192246523787
2034	0.000282192246523787
2035	0.0004745888970284901
2522	0.000282192246523787
2518	0.0004745888970284901
2520	0.00038248421904308585
2036	0.00016779251368234473
2472	0.00016779251368234473
2428	0.000282192246523787
2045	0.00016779251368234473
2052	0.00016779251368234473
2053	0.00016779251368234473
2059	0.00016779251368234473
2065	0.00016779251368234473
2067	0.000282192246523787
2068	0.00038248421904308585
2070	0.00038248421904308585
2069	0.000282192246523787
2072	0.000282192246523787
2150	0.00016779251368234473
2075	0.000282192246523787
2155	0.00016779251368234473
2076	0.00016779251368234473
2299	0.000282192246523787
2084	0.00016779251368234473
2125	0.00038248421904308585
2102	0.00016779251368234473
2103	0.000282192246523787
2104	0.000282192246523787
2557	0.00038248421904308585
2107	0.000282192246523787
2403	0.000282192246523787
2111	0.00016779251368234473
2112	0.0004745888970284901
2368	0.000282192246523787
2371	0.000282192246523787
2175	0.00016779251368234473
2434	0.00016779251368234473
2497	0.000282192246523787
2144	0.00016779251368234473
2159	0.00016779251368234473
2649	0.00016779251368234473
2161	0.00038248421904308585
2210	0.000282192246523787
2211	0.00016779251368234473
2426	0.000282192246523787
2427	0.000282192246523787
2169	0.000282192246523787
2510	0.00016779251368234473
2176	0.00016779251368234473
2177	0.000282192246523787
2469	0.000282192246523787
2180	0.00016779251368234473
2181	0.00016779251368234473
2182	0.00016779251368234473
2183	0.00016779251368234473
2184	0.00016779251368234473
2185	0.00016779251368234473
2189	0.00016779251368234473
2194	0.00016779251368234473
2197	0.00016779251368234473
2678	0.000282192246523787
2198	0.00016779251368234473
2308	0.00016779251368234473
2199	0.00016779251368234473
2200	0.00016779251368234473
2250	0.00016779251368234473
2251	0.00016779251368234473
2204	0.00016779251368234473
2205	0.00016779251368234473
2206	0.000282192246523787
2342	0.00016779251368234473
2207	0.00016779251368234473
2208	0.000282192246523787
2209	0.00016779251368234473
2213	0.00016779251368234473
2214	0.00038248421904308585
2215	0.00016779251368234473
2216	0.00016779251368234473
2483	0.00016779251368234473
2217	0.000282192246523787
2218	0.00016779251368234473
2222	0.00016779251368234473
2228	0.00016779251368234473
2229	0.00016779251368234473
2232	0.000282192246523787
2233	0.00016779251368234473
2239	0.00016779251368234473
2243	0.00016779251368234473
2245	0.00016779251368234473
2262	0.000282192246523787
2263	0.000282192246523787
2264	0.000282192246523787
2269	0.00016779251368234473
2270	0.00016779251368234473
2271	0.000282192246523787
2437	0.00016779251368234473
2324	0.00016779251368234473
2515	0.00016779251368234473
2516	0.00016779251368234473
2280	0.000282192246523787
2517	0.00016779251368234473
2590	0.00016779251368234473
2283	0.000282192246523787
2284	0.000282192246523787
2286	0.00038248421904308585
2285	0.00016779251368234473
2293	0.00016779251368234473
2294	0.000282192246523787
2295	0.00016779251368234473
2296	0.000282192246523787
2298	0.000282192246523787
2297	0.00016779251368234473
2300	0.00016779251368234473
2302	0.00038248421904308585
2303	0.000282192246523787
2304	0.0005610480838634584
2305	0.00016779251368234473
2306	0.00016779251368234473
2675	0.000282192246523787
2316	0.00016779251368234473
2321	0.00038248421904308585
2685	0.000282192246523787
2328	0.00016779251368234473
2330	0.00016779251368234473
2331	0.00016779251368234473
2334	0.00016779251368234473
2336	0.00016779251368234473
2337	0.00016779251368234473
2339	0.000282192246523787
2450	0.00016779251368234473
2346	0.00016779251368234473
2458	0.00016779251368234473
2352	0.00016779251368234473
2353	0.00016779251368234473
2617	0.00016779251368234473
2618	0.00016779251368234473
2616	0.00016779251368234473
2364	0.00016779251368234473
2366	0.00016779251368234473
2367	0.00016779251368234473
2369	0.00016779251368234473
2698	0.00016779251368234473
2375	0.00016779251368234473
2376	0.000282192246523787
2377	0.00016779251368234473
2381	0.00016779251368234473
2383	0.00016779251368234473
2384	0.00016779251368234473
2389	0.00016779251368234473
2391	0.00016779251368234473
2392	0.00016779251368234473
2395	0.000282192246523787
2396	0.00038248421904308585
2394	0.00016779251368234473
2432	0.00016779251368234473
2703	0.00016779251368234473
2397	0.00016779251368234473
2399	0.00016779251368234473
2400	0.00016779251368234473
2401	0.000282192246523787
2402	0.00016779251368234473
2406	0.00038248421904308585
2564	0.00016779251368234473
2431	0.00016779251368234473
2440	0.00016779251368234473
2537	0.000282192246523787
2538	0.000282192246523787
2442	0.00016779251368234473
2663	0.00016779251368234473
2443	0.00016779251368234473
2444	0.00016779251368234473
2448	0.00016779251368234473
2452	0.00016779251368234473
2453	0.00016779251368234473
2462	0.00038248421904308585
2463	0.00016779251368234473
2464	0.000282192246523787
2677	0.000282192246523787
2465	0.00016779251368234473
2466	0.00016779251368234473
2484	0.00016779251368234473
2470	0.00016779251368234473
2471	0.00016779251368234473
2473	0.00016779251368234473
2474	0.00016779251368234473
2475	0.00016779251368234473
2476	0.00016779251368234473
2479	0.00016779251368234473
2673	0.00016779251368234473
2480	0.00016779251368234473
2481	0.00016779251368234473
2485	0.00016779251368234473
2486	0.00016779251368234473
2487	0.000282192246523787
2488	0.00016779251368234473
2489	0.000282192246523787
2652	0.00016779251368234473
2493	0.00016779251368234473
2494	0.00016779251368234473
2498	0.00016779251368234473
2634	0.00016779251368234473
2633	0.00016779251368234473
2508	0.00016779251368234473
2509	0.00016779251368234473
2513	0.00016779251368234473
2514	0.00016779251368234473
2519	0.00016779251368234473
2521	0.00016779251368234473
2526	0.00016779251368234473
2556	0.00016779251368234473
2543	0.00016779251368234473
2541	0.00016779251368234473
2551	0.00016779251368234473
2550	0.00016779251368234473
2552	0.00016779251368234473
2553	0.00016779251368234473
2554	0.00016779251368234473
2555	0.00016779251368234473
2558	0.00016779251368234473
2559	0.00016779251368234473
2560	0.00016779251368234473
2561	0.00016779251368234473
2562	0.00016779251368234473
2563	0.00016779251368234473
2565	0.00016779251368234473
2566	0.00016779251368234473
2567	0.00016779251368234473
2568	0.00016779251368234473
2569	0.00016779251368234473
2570	0.00016779251368234473
2571	0.0004745888970284901
2572	0.00016779251368234473
2573	0.00016779251368234473
2574	0.000282192246523787
2575	0.000282192246523787
2577	0.00016779251368234473
2578	0.00016779251368234473
2580	0.00016779251368234473
2581	0.00016779251368234473
2585	0.00016779251368234473
2586	0.00016779251368234473
2588	0.00016779251368234473
2589	0.000282192246523787
2593	0.000282192246523787
2594	0.00016779251368234473
2595	0.000282192246523787
2624	0.0004745888970284901
2597	0.00016779251368234473
2598	0.00038248421904308585
2599	0.00016779251368234473
2602	0.00038248421904308585
2604	0.00038248421904308585
2605	0.000282192246523787
2603	0.000282192246523787
2606	0.00016779251368234473
2608	0.000282192246523787
2607	0.00016779251368234473
2622	0.000282192246523787
2623	0.000282192246523787
2619	0.00016779251368234473
2620	0.0004745888970284901
2621	0.00016779251368234473
2626	0.00016779251368234473
2628	0.00016779251368234473
2630	0.00016779251368234473
2631	0.00016779251368234473
2635	0.000282192246523787
2636	0.000282192246523787
2637	0.0004745888970284901
2638	0.00016779251368234473
2639	0.00016779251368234473
2640	0.00016779251368234473
2641	0.00016779251368234473
2643	0.00016779251368234473
2644	0.00016779251368234473
2647	0.00016779251368234473
2648	0.00016779251368234473
2650	0.00016779251368234473
2651	0.00016779251368234473
2656	0.00016779251368234473
2658	0.000282192246523787
2657	0.00016779251368234473
2661	0.00016779251368234473
2662	0.00016779251368234473
2665	0.00016779251368234473
2666	0.00016779251368234473
2667	0.00016779251368234473
2668	0.00016779251368234473
2676	0.00016779251368234473
2679	0.00016779251368234473
2680	0.00016779251368234473
2681	0.00016779251368234473
2684	0.00016779251368234473
2686	0.00038248421904308585
2683	0.00016779251368234473
2687	0.00016779251368234473
2688	0.00016779251368234473
2690	0.00016779251368234473
2694	0.00016779251368234473
2695	0.00016779251368234473
2696	0.00016779251368234473
2697	0.00016779251368234473
2699	0.00016779251368234473
2700	0.00016779251368234473
2701	0.00016779251368234473
2702	0.00016779251368234473
